4194
0 0
0 1
0 2
0 3
0 4
0 5
0 6
0 7
0 8
0 9
0 10
0 11
0 12
0 13
0 14
0 15
0 16
0 17
0 18
0 19
0 20
0 21
0 22
0 23
0 24
0 25
0 26
0 27
0 28
0 29
0 30
0 31
1 0
1 1
1 2
1 3
1 4
1 5
1 6
1 7
1 8
1 9
1 10
1 11
1 12
1 13
1 14
1 15
1 16
1 17
1 18
1 19
1 20
1 21
1 22
1 23
1 24
1 25
1 26
1 27
1 28
1 29
1 30
1 31
2 0
2 1
2 2
2 3
2 4
2 5
2 6
2 7
2 8
2 9
2 10
2 11
2 12
2 13
2 14
2 15
2 16
2 17
2 18
2 19
2 20
2 21
2 22
2 23
2 24
2 25
2 26
2 27
2 28
2 29
2 30
2 31
3 0
3 1
3 2
3 3
3 4
3 5
3 6
3 7
3 8
3 9
3 10
3 11
3 12
3 13
3 14
3 15
3 16
3 17
3 18
3 19
3 20
3 21
3 22
3 23
3 24
3 25
3 26
3 27
3 28
3 29
3 30
3 31
4 0
4 1
4 2
4 3
4 4
4 5
4 6
4 7
4 8
4 9
4 10
4 11
4 12
4 13
4 14
4 15
4 16
4 17
4 18
4 19
4 20
4 21
4 22
4 23
4 24
4 25
4 26
4 27
4 28
4 29
4 30
4 31
5 0
5 1
5 2
5 3
5 4
5 5
5 6
5 7
5 8
5 9
5 10
5 11
5 12
5 13
5 14
5 15
5 16
5 17
5 18
5 19
5 20
5 21
5 22
5 23
5 24
5 25
5 26
5 27
5 28
5 29
5 30
5 31
6 0
6 1
6 2
6 3
6 4
6 5
6 6
6 7
6 8
6 9
6 10
6 11
6 12
6 13
6 14
6 15
6 16
6 17
6 18
6 19
6 20
6 21
6 22
6 23
6 24
6 25
6 26
6 27
6 28
6 29
6 30
6 31
7 0
7 1
7 2
7 3
7 4
7 5
7 6
7 7
7 8
7 9
7 10
7 11
7 12
7 13
7 14
7 15
7 16
7 17
7 18
7 19
7 20
7 21
7 22
7 23
7 24
7 25
7 26
7 27
7 28
7 29
7 30
7 31
8 0
8 1
8 2
8 3
8 4
8 5
8 6
8 7
8 8
8 9
8 10
8 11
8 12
8 13
8 14
8 15
8 16
8 17
8 18
8 19
8 20
8 21
8 22
8 23
8 24
8 25
8 26
8 27
8 28
8 29
8 30
8 31
9 0
9 1
9 2
9 3
9 4
9 5
9 6
9 7
9 8
9 9
9 10
9 11
9 12
9 13
9 14
9 15
9 16
9 17
9 18
9 19
9 20
9 21
9 22
9 23
9 24
9 25
9 26
9 27
9 28
9 29
9 30
9 31
10 0
10 1
10 2
10 3
10 4
10 5
10 6
10 7
10 8
10 9
10 10
10 11
10 12
10 13
10 14
10 15
10 16
10 17
10 18
10 19
10 20
10 21
10 22
10 23
10 24
10 25
10 26
10 27
10 28
10 29
10 30
10 31
11 0
11 1
11 2
11 3
11 4
11 5
11 6
11 7
11 8
11 9
11 10
11 11
11 12
11 13
11 14
11 15
11 16
11 17
11 18
11 19
11 20
11 21
11 22
11 23
11 24
11 25
11 26
11 27
11 28
11 29
11 30
11 31
12 0
12 1
12 2
12 3
12 4
12 5
12 6
12 7
12 8
12 9
12 10
12 11
12 12
12 13
12 14
12 15
12 16
12 17
12 18
12 19
12 20
12 21
12 22
12 23
12 24
12 25
12 26
12 27
12 28
12 29
12 30
12 31
13 0
13 1
13 2
13 3
13 4
13 5
13 6
13 7
13 8
13 9
13 10
13 11
13 12
13 13
13 14
13 15
13 16
13 17
13 18
13 19
13 20
13 21
13 22
13 23
13 24
13 25
13 26
13 27
13 28
13 29
13 30
13 31
13 32
13 33
13 34
13 35
13 36
13 37
13 38
13 39
13 40
13 41
13 42
13 43
13 44
13 45
13 46
13 47
13 48
13 49
13 50
13 51
13 52
14 0
14 1
14 2
14 3
14 4
14 5
14 6
14 7
14 8
14 9
14 10
14 11
14 12
14 13
14 14
14 15
14 16
14 17
14 18
14 19
14 20
14 21
14 22
14 23
14 24
14 25
14 26
14 27
14 28
14 29
14 30
14 31
14 32
14 33
14 34
14 35
14 36
14 37
14 38
14 39
14 40
14 41
14 42
14 43
14 44
14 45
14 46
14 47
14 48
14 49
14 50
14 51
14 52
15 0
15 1
15 2
15 3
15 4
15 5
15 6
15 7
15 8
15 9
15 10
15 11
15 12
15 13
15 14
15 15
15 16
15 17
15 18
15 19
15 20
15 21
15 22
15 23
15 24
15 25
15 26
15 27
15 28
15 29
15 30
15 31
15 32
15 33
15 34
15 35
15 36
15 37
15 38
15 39
15 40
15 41
15 42
15 43
15 44
15 45
15 46
15 47
15 48
15 49
15 50
15 51
15 52
16 0
16 1
16 2
16 3
16 4
16 5
16 6
16 7
16 8
16 9
16 10
16 11
16 12
16 13
16 14
16 15
16 16
16 17
16 18
16 19
16 20
16 21
16 22
16 23
16 24
16 25
16 26
16 27
16 28
16 29
16 30
16 31
16 32
16 33
16 34
16 35
16 36
16 37
16 38
16 39
16 40
16 41
16 42
16 43
16 44
16 45
16 46
16 47
16 48
16 49
16 50
16 51
16 52
17 0
17 1
17 2
17 3
17 4
17 5
17 6
17 7
17 8
17 9
17 10
17 11
17 12
17 13
17 14
17 15
17 16
17 17
17 18
17 19
17 20
17 21
17 22
17 23
17 24
17 25
17 26
17 27
17 28
17 29
17 30
17 31
17 32
17 33
17 34
17 35
17 36
17 37
17 38
17 39
17 40
17 41
17 42
17 43
17 44
17 45
17 46
17 47
17 48
17 49
17 50
17 51
17 52
18 0
18 1
18 2
18 3
18 4
18 5
18 6
18 7
18 8
18 9
18 10
18 11
18 12
18 13
18 14
18 15
18 16
18 17
18 18
18 19
18 20
18 21
18 22
18 23
18 24
18 25
18 26
18 27
18 28
18 29
18 30
18 31
18 32
18 33
18 34
18 35
18 36
18 37
18 38
18 39
18 40
18 41
18 42
18 43
18 44
18 45
18 46
18 47
18 48
18 49
18 50
18 51
18 52
19 0
19 1
19 2
19 3
19 4
19 5
19 6
19 7
19 8
19 9
19 10
19 11
19 12
19 13
19 14
19 15
19 16
19 17
19 18
19 19
19 20
19 21
19 22
19 23
19 24
19 25
19 26
19 27
19 28
19 29
19 30
19 31
19 32
19 33
19 34
19 35
19 36
19 37
19 38
19 39
19 40
19 41
19 42
19 43
19 44
19 45
19 46
19 47
19 48
19 49
19 50
19 51
19 52
20 0
20 1
20 2
20 3
20 4
20 5
20 6
20 7
20 8
20 9
20 10
20 11
20 12
20 13
20 14
20 15
20 16
20 17
20 18
20 19
20 20
20 21
20 22
20 23
20 24
20 25
20 26
20 27
20 28
20 29
20 30
20 31
20 32
20 33
20 34
20 35
20 36
20 37
20 38
20 39
20 40
20 41
20 42
20 43
20 44
20 45
20 46
20 47
20 48
20 49
20 50
20 51
20 52
21 0
21 1
21 2
21 3
21 4
21 5
21 6
21 7
21 8
21 9
21 10
21 11
21 12
21 13
21 14
21 15
21 16
21 17
21 18
21 19
21 20
21 21
21 22
21 23
21 24
21 25
21 26
21 27
21 28
21 29
21 30
21 31
21 32
21 33
21 34
21 35
21 36
21 37
21 38
21 39
21 40
21 41
21 42
21 43
21 44
21 45
21 46
21 47
21 48
21 49
21 50
21 51
21 52
22 0
22 1
22 2
22 3
22 4
22 5
22 6
22 7
22 8
22 9
22 10
22 11
22 12
22 13
22 14
22 15
22 16
22 17
22 18
22 19
22 20
22 21
22 22
22 23
22 24
22 25
22 26
22 27
22 28
22 29
22 30
22 31
22 32
22 33
22 34
22 35
22 36
22 37
22 38
22 39
22 40
22 41
22 42
22 43
22 44
22 45
22 46
22 47
22 48
22 49
22 50
22 51
22 52
23 0
23 1
23 2
23 3
23 4
23 5
23 6
23 7
23 8
23 9
23 10
23 11
23 12
23 13
23 14
23 15
23 16
23 17
23 18
23 19
23 20
23 21
23 22
23 23
23 24
23 25
23 26
23 27
23 28
23 29
23 30
23 31
23 32
23 33
23 34
23 35
23 36
23 37
23 38
23 39
23 40
23 41
23 42
23 43
23 44
23 45
23 46
23 47
23 48
23 49
23 50
23 51
23 52
24 0
24 1
24 2
24 3
24 4
24 5
24 6
24 7
24 8
24 9
24 10
24 11
24 12
24 13
24 14
24 15
24 16
24 17
24 18
24 19
24 20
24 21
24 22
24 23
24 24
24 25
24 26
24 27
24 28
24 29
24 30
24 31
24 32
24 33
24 34
24 35
24 36
24 37
24 38
24 39
24 40
24 41
24 42
24 43
24 44
24 45
24 46
24 47
24 48
24 49
24 50
24 51
24 52
25 0
25 1
25 2
25 3
25 4
25 5
25 6
25 7
25 8
25 9
25 10
25 11
25 12
25 13
25 14
25 15
25 16
25 17
25 18
25 19
25 20
25 21
25 22
25 23
25 24
25 25
25 26
25 27
25 28
25 29
25 30
25 31
25 32
25 33
25 34
25 35
25 36
25 37
25 38
25 39
25 40
25 41
25 42
25 43
25 44
25 45
25 46
25 47
25 48
25 49
25 50
25 51
25 52
26 0
26 1
26 2
26 3
26 4
26 5
26 6
26 7
26 8
26 9
26 10
26 11
26 12
26 13
26 14
26 15
26 16
26 17
26 18
26 19
26 20
26 21
26 22
26 23
26 24
26 25
26 26
26 27
26 28
26 29
26 30
26 31
26 32
26 33
26 34
26 35
26 36
26 37
26 38
26 39
26 40
26 41
26 42
26 43
26 44
26 45
26 46
26 47
26 48
26 49
26 50
26 51
26 52
27 0
27 1
27 2
27 3
27 4
27 5
27 6
27 7
27 8
27 9
27 10
27 11
27 12
27 13
27 14
27 15
27 16
27 17
27 18
27 19
27 20
27 21
27 22
27 23
27 24
27 25
27 26
27 27
27 28
27 29
27 30
27 31
27 32
27 33
27 34
27 35
27 36
27 37
27 38
27 39
27 40
27 41
27 42
27 43
27 44
27 45
27 46
27 47
27 48
27 49
27 50
27 51
27 52
28 0
28 1
28 2
28 3
28 4
28 5
28 6
28 7
28 8
28 9
28 10
28 11
28 12
28 13
28 14
28 15
28 16
28 17
28 18
28 19
28 20
28 21
28 22
28 23
28 24
28 25
28 26
28 27
28 28
28 29
28 30
28 31
28 32
28 33
28 34
28 35
28 36
28 37
28 38
28 39
28 40
28 41
28 42
28 43
28 44
28 45
28 46
28 47
28 48
28 49
28 50
28 51
28 52
29 0
29 1
29 2
29 3
29 4
29 5
29 6
29 7
29 8
29 9
29 10
29 11
29 12
29 13
29 14
29 15
29 16
29 17
29 18
29 19
29 20
29 21
29 22
29 23
29 24
29 25
29 26
29 27
29 28
29 29
29 30
29 31
29 32
29 33
29 34
29 35
29 36
29 37
29 38
29 39
29 40
29 41
29 42
29 43
29 44
29 45
29 46
29 47
29 48
29 49
29 50
29 51
29 52
30 0
30 1
30 2
30 3
30 4
30 5
30 6
30 7
30 8
30 9
30 10
30 11
30 12
30 13
30 14
30 15
30 16
30 17
30 18
30 19
30 20
30 21
30 22
30 23
30 24
30 25
30 26
30 27
30 28
30 29
30 30
30 31
30 32
30 33
30 34
30 35
30 36
30 37
30 38
30 39
30 40
30 41
30 42
30 43
30 44
30 45
30 46
30 47
30 48
30 49
30 50
30 51
30 52
31 0
31 1
31 2
31 3
31 4
31 5
31 6
31 7
31 8
31 9
31 10
31 11
31 12
31 13
31 14
31 15
31 16
31 17
31 18
31 19
31 20
31 21
31 22
31 23
31 24
31 25
31 26
31 27
31 28
31 29
31 30
31 31
31 32
31 33
31 34
31 35
31 36
31 37
31 38
31 39
31 40
31 41
31 42
31 43
31 44
31 45
31 46
31 47
31 48
31 49
31 50
31 51
31 52
32 0
32 1
32 2
32 3
32 4
32 5
32 6
32 7
32 8
32 9
32 10
32 11
32 12
32 13
32 14
32 15
32 16
32 17
32 18
32 19
32 20
32 21
32 22
32 23
32 24
32 25
32 26
32 27
32 28
32 29
32 30
32 31
32 32
32 33
32 34
32 35
32 36
32 37
32 38
32 39
32 40
32 41
32 42
32 43
32 44
32 45
32 46
32 47
32 48
32 49
32 50
32 51
32 52
33 0
33 1
33 2
33 3
33 4
33 5
33 6
33 7
33 8
33 9
33 10
33 11
33 12
33 13
33 14
33 15
33 16
33 17
33 18
33 19
33 20
33 21
33 22
33 23
33 24
33 25
33 26
33 27
33 28
33 29
33 30
33 31
33 32
33 33
33 34
33 35
33 36
33 37
33 38
33 39
33 40
33 41
33 42
33 43
33 44
33 45
33 46
33 47
33 48
33 49
33 50
33 51
33 52
34 0
34 1
34 2
34 3
34 4
34 5
34 6
34 7
34 8
34 9
34 10
34 11
34 12
34 13
34 14
34 15
34 16
34 17
34 18
34 19
34 20
34 21
34 22
34 23
34 24
34 25
34 26
34 27
34 28
34 29
34 30
34 31
34 32
34 33
34 34
34 35
34 36
34 37
34 38
34 39
34 40
34 41
34 42
34 43
34 44
34 45
34 46
34 47
34 48
34 49
34 50
34 51
34 52
35 0
35 1
35 2
35 3
35 4
35 5
35 6
35 7
35 8
35 9
35 10
35 11
35 12
35 13
35 14
35 15
35 16
35 17
35 18
35 19
35 20
35 21
35 22
35 23
35 24
35 25
35 26
35 27
35 28
35 29
35 30
35 31
35 32
35 33
35 34
35 35
35 36
35 37
35 38
35 39
35 40
35 41
35 42
35 43
35 44
35 45
35 46
35 47
35 48
35 49
35 50
35 51
35 52
36 0
36 1
36 2
36 3
36 4
36 5
36 6
36 7
36 8
36 9
36 10
36 11
36 12
36 13
36 14
36 15
36 16
36 17
36 18
36 19
36 20
36 21
36 22
36 23
36 24
36 25
36 26
36 27
36 28
36 29
36 30
36 31
36 32
36 33
36 34
36 35
36 36
36 37
36 38
36 39
36 40
36 41
36 42
36 43
36 44
36 45
36 46
36 47
36 48
36 49
36 50
36 51
36 52
37 0
37 1
37 2
37 3
37 4
37 5
37 6
37 7
37 8
37 9
37 10
37 11
37 12
37 13
37 14
37 15
37 16
37 17
37 18
37 19
37 20
37 21
37 22
37 23
37 24
37 25
37 26
37 27
37 28
37 29
37 30
37 31
37 32
37 33
37 34
37 35
37 36
37 37
37 38
37 39
37 40
37 41
37 42
37 43
37 44
37 45
37 46
37 47
37 48
37 49
37 50
37 51
37 52
38 0
38 1
38 2
38 3
38 4
38 5
38 6
38 7
38 8
38 9
38 10
38 11
38 12
38 13
38 14
38 15
38 16
38 17
38 18
38 19
38 20
38 21
38 22
38 23
38 24
38 25
38 26
38 27
38 28
38 29
38 30
38 31
38 32
38 33
38 34
38 35
38 36
38 37
38 38
38 39
38 40
38 41
38 42
38 43
38 44
38 45
38 46
38 47
38 48
38 49
38 50
38 51
38 52
39 0
39 1
39 2
39 3
39 4
39 5
39 6
39 7
39 8
39 9
39 10
39 11
39 12
39 13
39 14
39 15
39 16
39 17
39 18
39 19
39 20
39 21
39 22
39 23
39 24
39 25
39 26
39 27
39 28
39 29
39 30
39 31
39 32
39 33
39 34
39 35
39 36
39 37
39 38
39 39
39 40
39 41
39 42
39 43
39 44
39 45
39 46
39 47
39 48
39 49
39 50
39 51
39 52
40 0
40 1
40 2
40 3
40 4
40 5
40 6
40 7
40 8
40 9
40 10
40 11
40 12
40 13
40 14
40 15
40 16
40 17
40 18
40 19
40 20
40 21
40 22
40 23
40 24
40 25
40 26
40 27
40 28
40 29
40 30
40 31
40 32
40 33
40 34
40 35
40 36
40 37
40 38
40 39
40 40
40 41
40 42
40 43
40 44
40 45
40 46
40 47
40 48
40 49
40 50
40 51
40 52
41 0
41 1
41 2
41 3
41 4
41 5
41 6
41 7
41 8
41 9
41 10
41 11
41 12
41 13
41 14
41 15
41 16
41 17
41 18
41 19
41 20
41 21
41 22
41 23
41 24
41 25
41 26
41 27
41 28
41 29
41 30
41 31
41 32
41 33
41 34
41 35
41 36
41 37
41 38
41 39
41 40
41 41
41 42
41 43
41 44
41 45
41 46
41 47
41 48
41 49
41 50
41 51
41 52
41 53
41 54
41 55
41 56
41 57
41 58
41 59
41 60
41 61
41 62
41 63
41 64
41 65
41 66
41 67
41 68
41 69
41 70
41 71
41 72
41 73
42 0
42 1
42 2
42 3
42 4
42 5
42 6
42 7
42 8
42 9
42 10
42 11
42 12
42 13
42 14
42 15
42 16
42 17
42 18
42 19
42 20
42 21
42 22
42 23
42 24
42 25
42 26
42 27
42 28
42 29
42 30
42 31
42 32
42 33
42 34
42 35
42 36
42 37
42 38
42 39
42 40
42 41
42 42
42 43
42 44
42 45
42 46
42 47
42 48
42 49
42 50
42 51
42 52
42 53
42 54
42 55
42 56
42 57
42 58
42 59
42 60
42 61
42 62
42 63
42 64
42 65
42 66
42 67
42 68
42 69
42 70
42 71
42 72
42 73
43 0
43 1
43 2
43 3
43 4
43 5
43 6
43 7
43 8
43 9
43 10
43 11
43 12
43 13
43 14
43 15
43 16
43 17
43 18
43 19
43 20
43 21
43 22
43 23
43 24
43 25
43 26
43 27
43 28
43 29
43 30
43 31
43 32
43 33
43 34
43 35
43 36
43 37
43 38
43 39
43 40
43 41
43 42
43 43
43 44
43 45
43 46
43 47
43 48
43 49
43 50
43 51
43 52
43 53
43 54
43 55
43 56
43 57
43 58
43 59
43 60
43 61
43 62
43 63
43 64
43 65
43 66
43 67
43 68
43 69
43 70
43 71
43 72
43 73
44 0
44 1
44 2
44 3
44 4
44 5
44 6
44 7
44 8
44 9
44 10
44 11
44 12
44 13
44 14
44 15
44 16
44 17
44 18
44 19
44 20
44 21
44 22
44 23
44 24
44 25
44 26
44 27
44 28
44 29
44 30
44 31
44 32
44 33
44 34
44 35
44 36
44 37
44 38
44 39
44 40
44 41
44 42
44 43
44 44
44 45
44 46
44 47
44 48
44 49
44 50
44 51
44 52
44 53
44 54
44 55
44 56
44 57
44 58
44 59
44 60
44 61
44 62
44 63
44 64
44 65
44 66
44 67
44 68
44 69
44 70
44 71
44 72
44 73
45 0
45 1
45 2
45 3
45 4
45 5
45 6
45 7
45 8
45 9
45 10
45 11
45 12
45 13
45 14
45 15
45 16
45 17
45 18
45 19
45 20
45 21
45 22
45 23
45 24
45 25
45 26
45 27
45 28
45 29
45 30
45 31
45 32
45 33
45 34
45 35
45 36
45 37
45 38
45 39
45 40
45 41
45 42
45 43
45 44
45 45
45 46
45 47
45 48
45 49
45 50
45 51
45 52
45 53
45 54
45 55
45 56
45 57
45 58
45 59
45 60
45 61
45 62
45 63
45 64
45 65
45 66
45 67
45 68
45 69
45 70
45 71
45 72
45 73
46 0
46 1
46 2
46 3
46 4
46 5
46 6
46 7
46 8
46 9
46 10
46 11
46 12
46 13
46 14
46 15
46 16
46 17
46 18
46 19
46 20
46 21
46 22
46 23
46 24
46 25
46 26
46 27
46 28
46 29
46 30
46 31
46 32
46 33
46 34
46 35
46 36
46 37
46 38
46 39
46 40
46 41
46 42
46 43
46 44
46 45
46 46
46 47
46 48
46 49
46 50
46 51
46 52
46 53
46 54
46 55
46 56
46 57
46 58
46 59
46 60
46 61
46 62
46 63
46 64
46 65
46 66
46 67
46 68
46 69
46 70
46 71
46 72
46 73
47 0
47 1
47 2
47 3
47 4
47 5
47 6
47 7
47 8
47 9
47 10
47 11
47 12
47 13
47 14
47 15
47 16
47 17
47 18
47 19
47 20
47 21
47 22
47 23
47 24
47 25
47 26
47 27
47 28
47 29
47 30
47 31
47 32
47 33
47 34
47 35
47 36
47 37
47 38
47 39
47 40
47 41
47 42
47 43
47 44
47 45
47 46
47 47
47 48
47 49
47 50
47 51
47 52
47 53
47 54
47 55
47 56
47 57
47 58
47 59
47 60
47 61
47 62
47 63
47 64
47 65
47 66
47 67
47 68
47 69
47 70
47 71
47 72
47 73
48 0
48 1
48 2
48 3
48 4
48 5
48 6
48 7
48 8
48 9
48 10
48 11
48 12
48 13
48 14
48 15
48 16
48 17
48 18
48 19
48 20
48 21
48 22
48 23
48 24
48 25
48 26
48 27
48 28
48 29
48 30
48 31
48 32
48 33
48 34
48 35
48 36
48 37
48 38
48 39
48 40
48 41
48 42
48 43
48 44
48 45
48 46
48 47
48 48
48 49
48 50
48 51
48 52
48 53
48 54
48 55
48 56
48 57
48 58
48 59
48 60
48 61
48 62
48 63
48 64
48 65
48 66
48 67
48 68
48 69
48 70
48 71
48 72
48 73
49 0
49 1
49 2
49 3
49 4
49 5
49 6
49 7
49 8
49 9
49 10
49 11
49 12
49 13
49 14
49 15
49 16
49 17
49 18
49 19
49 20
49 21
49 22
49 23
49 24
49 25
49 26
49 27
49 28
49 29
49 30
49 31
49 32
49 33
49 34
49 35
49 36
49 37
49 38
49 39
49 40
49 41
49 42
49 43
49 44
49 45
49 46
49 47
49 48
49 49
49 50
49 51
49 52
49 53
49 54
49 55
49 56
49 57
49 58
49 59
49 60
49 61
49 62
49 63
49 64
49 65
49 66
49 67
49 68
49 69
49 70
49 71
49 72
49 73
50 0
50 1
50 2
50 3
50 4
50 5
50 6
50 7
50 8
50 9
50 10
50 11
50 12
50 13
50 14
50 15
50 16
50 17
50 18
50 19
50 20
50 21
50 22
50 23
50 24
50 25
50 26
50 27
50 28
50 29
50 30
50 31
50 32
50 33
50 34
50 35
50 36
50 37
50 38
50 39
50 40
50 41
50 42
50 43
50 44
50 45
50 46
50 47
50 48
50 49
50 50
50 51
50 52
50 53
50 54
50 55
50 56
50 57
50 58
50 59
50 60
50 61
50 62
50 63
50 64
50 65
50 66
50 67
50 68
50 69
50 70
50 71
50 72
50 73
51 0
51 1
51 2
51 3
51 4
51 5
51 6
51 7
51 8
51 9
51 10
51 11
51 12
51 13
51 14
51 15
51 16
51 17
51 18
51 19
51 20
51 21
51 22
51 23
51 24
51 25
51 26
51 27
51 28
51 29
51 30
51 31
51 32
51 33
51 34
51 35
51 36
51 37
51 38
51 39
51 40
51 41
51 42
51 43
51 44
51 45
51 46
51 47
51 48
51 49
51 50
51 51
51 52
51 53
51 54
51 55
51 56
51 57
51 58
51 59
51 60
51 61
51 62
51 63
51 64
51 65
51 66
51 67
51 68
51 69
51 70
51 71
51 72
51 73
52 0
52 1
52 2
52 3
52 4
52 5
52 6
52 7
52 8
52 9
52 10
52 11
52 12
52 13
52 14
52 15
52 16
52 17
52 18
52 19
52 20
52 21
52 22
52 23
52 24
52 25
52 26
52 27
52 28
52 29
52 30
52 31
52 32
52 33
52 34
52 35
52 36
52 37
52 38
52 39
52 40
52 41
52 42
52 43
52 44
52 45
52 46
52 47
52 48
52 49
52 50
52 51
52 52
52 53
52 54
52 55
52 56
52 57
52 58
52 59
52 60
52 61
52 62
52 63
52 64
52 65
52 66
52 67
52 68
52 69
52 70
52 71
52 72
52 73
53 0
53 1
53 2
53 3
53 4
53 5
53 6
53 7
53 8
53 9
53 10
53 11
53 12
53 13
53 14
53 15
53 16
53 17
53 18
53 19
53 20
53 21
53 22
53 23
53 24
53 25
53 26
53 27
53 28
53 29
53 30
53 31
53 32
53 33
53 34
53 35
53 36
53 37
53 38
53 39
53 40
53 41
53 42
53 43
53 44
53 45
53 46
53 47
53 48
53 49
53 50
53 51
53 52
53 53
53 54
53 55
53 56
53 57
53 58
53 59
53 60
53 61
53 62
53 63
53 64
53 65
53 66
53 67
53 68
53 69
53 70
53 71
53 72
53 73
54 0
54 1
54 2
54 3
54 4
54 5
54 6
54 7
54 8
54 9
54 10
54 11
54 12
54 13
54 14
54 15
54 16
54 17
54 18
54 19
54 20
54 21
54 22
54 23
54 24
54 25
54 26
54 27
54 28
54 29
54 30
54 31
54 32
54 33
54 34
54 35
54 36
54 37
54 38
54 39
54 40
54 41
54 42
54 43
54 44
54 45
54 46
54 47
54 48
54 49
54 50
54 51
54 52
54 53
54 54
54 55
54 56
54 57
54 58
54 59
54 60
54 61
54 62
54 63
54 64
54 65
54 66
54 67
54 68
54 69
54 70
54 71
54 72
54 73
55 0
55 1
55 2
55 3
55 4
55 5
55 6
55 7
55 8
55 9
55 10
55 11
55 12
55 13
55 14
55 15
55 16
55 17
55 18
55 19
55 20
55 21
55 22
55 23
55 24
55 25
55 26
55 27
55 28
55 29
55 30
55 31
55 32
55 33
55 34
55 35
55 36
55 37
55 38
55 39
55 40
55 41
55 42
55 43
55 44
55 45
55 46
55 47
55 48
55 49
55 50
55 51
55 52
55 53
55 54
55 55
55 56
55 57
55 58
55 59
55 60
55 61
55 62
55 63
55 64
55 65
55 66
55 67
55 68
55 69
55 70
55 71
55 72
55 73
56 0
56 1
56 2
56 3
56 4
56 5
56 6
56 7
56 8
56 9
56 10
56 11
56 12
56 13
56 14
56 15
56 16
56 17
56 18
56 19
56 20
56 21
56 22
56 23
56 24
56 25
56 26
56 27
56 28
56 29
56 30
56 31
56 32
56 33
56 34
56 35
56 36
56 37
56 38
56 39
56 40
56 41
56 42
56 43
56 44
56 45
56 46
56 47
56 48
56 49
56 50
56 51
56 52
56 53
56 54
56 55
56 56
56 57
56 58
56 59
56 60
56 61
56 62
56 63
56 64
56 65
56 66
56 67
56 68
56 69
56 70
56 71
56 72
56 73
57 0
57 1
57 2
57 3
57 4
57 5
57 6
57 7
57 8
57 9
57 10
57 11
57 12
57 13
57 14
57 15
57 16
57 17
57 18
57 19
57 20
57 21
57 22
57 23
57 24
57 25
57 26
57 27
57 28
57 29
57 30
57 31
57 32
57 33
57 34
57 35
57 36
57 37
57 38
57 39
57 40
57 41
57 42
57 43
57 44
57 45
57 46
57 47
57 48
57 49
57 50
57 51
57 52
57 53
57 54
57 55
57 56
57 57
57 58
57 59
57 60
57 61
57 62
57 63
57 64
57 65
57 66
57 67
57 68
57 69
57 70
57 71
57 72
57 73
58 0
58 1
58 2
58 3
58 4
58 5
58 6
58 7
58 8
58 9
58 10
58 11
58 12
58 13
58 14
58 15
58 16
58 17
58 18
58 19
58 20
58 21
58 22
58 23
58 24
58 25
58 26
58 27
58 28
58 29
58 30
58 31
58 32
58 33
58 34
58 35
58 36
58 37
58 38
58 39
58 40
58 41
58 42
58 43
58 44
58 45
58 46
58 47
58 48
58 49
58 50
58 51
58 52
58 53
58 54
58 55
58 56
58 57
58 58
58 59
58 60
58 61
58 62
58 63
58 64
58 65
58 66
58 67
58 68
58 69
58 70
58 71
58 72
58 73
59 0
59 1
59 2
59 3
59 4
59 5
59 6
59 7
59 8
59 9
59 10
59 11
59 12
59 13
59 14
59 15
59 16
59 17
59 18
59 19
59 20
59 21
59 22
59 23
59 24
59 25
59 26
59 27
59 28
59 29
59 30
59 31
59 32
59 33
59 34
59 35
59 36
59 37
59 38
59 39
59 40
59 41
59 42
59 43
59 44
59 45
59 46
59 47
59 48
59 49
59 50
59 51
59 52
59 53
59 54
59 55
59 56
59 57
59 58
59 59
59 60
59 61
59 62
59 63
59 64
59 65
59 66
59 67
59 68
59 69
59 70
59 71
59 72
59 73
60 0
60 1
60 2
60 3
60 4
60 5
60 6
60 7
60 8
60 9
60 10
60 11
60 12
60 13
60 14
60 15
60 16
60 17
60 18
60 19
60 20
60 21
60 22
60 23
60 24
60 25
60 26
60 27
60 28
60 29
60 30
60 31
60 32
60 33
60 34
60 35
60 36
60 37
60 38
60 39
60 40
60 41
60 42
60 43
60 44
60 45
60 46
60 47
60 48
60 49
60 50
60 51
60 52
60 53
60 54
60 55
60 56
60 57
60 58
60 59
60 60
60 61
60 62
60 63
60 64
60 65
60 66
60 67
60 68
60 69
60 70
60 71
60 72
60 73
61 0
61 1
61 2
61 3
61 4
61 5
61 6
61 7
61 8
61 9
61 10
61 11
61 12
61 13
61 14
61 15
61 16
61 17
61 18
61 19
61 20
61 21
61 22
61 23
61 24
61 25
61 26
61 27
61 28
61 29
61 30
61 31
61 32
61 33
61 34
61 35
61 36
61 37
61 38
61 39
61 40
61 41
61 42
61 43
61 44
61 45
61 46
61 47
61 48
61 49
61 50
61 51
61 52
61 53
61 54
61 55
61 56
61 57
61 58
61 59
61 60
61 61
61 62
61 63
61 64
61 65
61 66
61 67
61 68
61 69
61 70
61 71
61 72
61 73
62 0
62 1
62 2
62 3
62 4
62 5
62 6
62 7
62 8
62 9
62 10
62 11
62 12
62 13
62 14
62 15
62 16
62 17
62 18
62 19
62 20
62 21
62 22
62 23
62 24
62 25
62 26
62 27
62 28
62 29
62 30
62 31
62 32
62 33
62 34
62 35
62 36
62 37
62 38
62 39
62 40
62 41
62 42
62 43
62 44
62 45
62 46
62 47
62 48
62 49
62 50
62 51
62 52
62 53
62 54
62 55
62 56
62 57
62 58
62 59
62 60
62 61
62 62
62 63
62 64
62 65
62 66
62 67
62 68
62 69
62 70
62 71
62 72
62 73
63 0
63 1
63 2
63 3
63 4
63 5
63 6
63 7
63 8
63 9
63 10
63 11
63 12
63 13
63 14
63 15
63 16
63 17
63 18
63 19
63 20
63 21
63 22
63 23
63 24
63 25
63 26
63 27
63 28
63 29
63 30
63 31
63 32
63 33
63 34
63 35
63 36
63 37
63 38
63 39
63 40
63 41
63 42
63 43
63 44
63 45
63 46
63 47
63 48
63 49
63 50
63 51
63 52
63 53
63 54
63 55
63 56
63 57
63 58
63 59
63 60
63 61
63 62
63 63
63 64
63 65
63 66
63 67
63 68
63 69
63 70
63 71
63 72
63 73
64 0
64 1
64 2
64 3
64 4
64 5
64 6
64 7
64 8
64 9
64 10
64 11
64 12
64 13
64 14
64 15
64 16
64 17
64 18
64 19
64 20
64 21
64 22
64 23
64 24
64 25
64 26
64 27
64 28
64 29
64 30
64 31
64 32
64 33
64 34
64 35
64 36
64 37
64 38
64 39
64 40
64 41
64 42
64 43
64 44
64 45
64 46
64 47
64 48
64 49
64 50
64 51
64 52
64 53
64 54
64 55
64 56
64 57
64 58
64 59
64 60
64 61
64 62
64 63
64 64
64 65
64 66
64 67
64 68
64 69
64 70
64 71
64 72
64 73
65 0
65 1
65 2
65 3
65 4
65 5
65 6
65 7
65 8
65 9
65 10
65 11
65 12
65 13
65 14
65 15
65 16
65 17
65 18
65 19
65 20
65 21
65 22
65 23
65 24
65 25
65 26
65 27
65 28
65 29
65 30
65 31
65 32
65 33
65 34
65 35
65 36
65 37
65 38
65 39
65 40
65 41
65 42
65 43
65 44
65 45
65 46
65 47
65 48
65 49
65 50
65 51
65 52
65 53
65 54
65 55
65 56
65 57
65 58
65 59
65 60
65 61
65 62
65 63
65 64
65 65
65 66
65 67
65 68
65 69
65 70
65 71
65 72
65 73
66 0
66 1
66 2
66 3
66 4
66 5
66 6
66 7
66 8
66 9
66 10
66 11
66 12
66 13
66 14
66 15
66 16
66 17
66 18
66 19
66 20
66 21
66 22
66 23
66 24
66 25
66 26
66 27
66 28
66 29
66 30
66 31
66 32
66 33
66 34
66 35
66 36
66 37
66 38
66 39
66 40
66 41
66 42
66 43
66 44
66 45
66 46
66 47
66 48
66 49
66 50
66 51
66 52
66 53
66 54
66 55
66 56
66 57
66 58
66 59
66 60
66 61
66 62
66 63
66 64
66 65
66 66
66 67
66 68
66 69
66 70
66 71
66 72
66 73
67 0
67 1
67 2
67 3
67 4
67 5
67 6
67 7
67 8
67 9
67 10
67 11
67 12
67 13
67 14
67 15
67 16
67 17
67 18
67 19
67 20
67 21
67 22
67 23
67 24
67 25
67 26
67 27
67 28
67 29
67 30
67 31
67 32
67 33
67 34
67 35
67 36
67 37
67 38
67 39
67 40
67 41
67 42
67 43
67 44
67 45
67 46
67 47
67 48
67 49
67 50
67 51
67 52
67 53
67 54
67 55
67 56
67 57
67 58
67 59
67 60
67 61
67 62
67 63
67 64
67 65
67 66
67 67
67 68
67 69
67 70
67 71
67 72
67 73
68 0
68 1
68 2
68 3
68 4
68 5
68 6
68 7
68 8
68 9
68 10
68 11
68 12
68 13
68 14
68 15
68 16
68 17
68 18
68 19
68 20
68 21
68 22
68 23
68 24
68 25
68 26
68 27
68 28
68 29
68 30
68 31
68 32
68 33
68 34
68 35
68 36
68 37
68 38
68 39
68 40
68 41
68 42
68 43
68 44
68 45
68 46
68 47
68 48
68 49
68 50
68 51
68 52
68 53
68 54
68 55
68 56
68 57
68 58
68 59
68 60
68 61
68 62
68 63
68 64
68 65
68 66
68 67
68 68
68 69
68 70
68 71
68 72
68 73
69 0
69 1
69 2
69 3
69 4
69 5
69 6
69 7
69 8
69 9
69 10
69 11
69 12
69 13
69 14
69 15
69 16
69 17
69 18
69 19
69 20
69 21
69 22
69 23
69 24
69 25
69 26
69 27
69 28
69 29
69 30
69 31
69 32
69 33
69 34
69 35
69 36
69 37
69 38
69 39
69 40
69 41
69 42
69 43
69 44
69 45
69 46
69 47
69 48
69 49
69 50
69 51
69 52
69 53
69 54
69 55
69 56
69 57
69 58
69 59
69 60
69 61
69 62
69 63
69 64
69 65
69 66
69 67
69 68
69 69
69 70
69 71
69 72
69 73
70 0
70 1
70 2
70 3
70 4
70 5
70 6
70 7
70 8
70 9
70 10
70 11
70 12
70 13
70 14
70 15
70 16
70 17
70 18
70 19
70 20
70 21
70 22
70 23
70 24
70 25
70 26
70 27
70 28
70 29
70 30
70 31
70 32
70 33
70 34
70 35
70 36
70 37
70 38
70 39
70 40
70 41
70 42
70 43
70 44
70 45
70 46
70 47
70 48
70 49
70 50
70 51
70 52
70 53
70 54
70 55
70 56
70 57
70 58
70 59
70 60
70 61
70 62
70 63
70 64
70 65
70 66
70 67
70 68
70 69
70 70
70 71
70 72
70 73
71 0
71 1
71 2
71 3
71 4
71 5
71 6
71 7
71 8
71 9
71 10
71 11
71 12
71 13
71 14
71 15
71 16
71 17
71 18
71 19
71 20
71 21
71 22
71 23
71 24
71 25
71 26
71 27
71 28
71 29
71 30
71 31
71 32
71 33
71 34
71 35
71 36
71 37
71 38
71 39
71 40
71 41
71 42
71 43
71 44
71 45
71 46
71 47
71 48
71 49
71 50
71 51
71 52
71 53
71 54
71 55
71 56
71 57
71 58
71 59
71 60
71 61
71 62
71 63
71 64
71 65
71 66
71 67
71 68
71 69
71 70
71 71
71 72
71 73

4194

1
41 73

1
42 73

1
43 73

1
44 73

1
45 73

1
46 73

1
47 73

1
48 73

1
49 73

1
50 73

1
51 73

1
52 73

1
53 73

1
54 73

1
55 73

1
56 73

1
57 73

1
58 73

1
59 73

1
60 73

1
61 73

1
62 73

1
63 73

1
64 73

1
65 73

1
66 73

1
67 73

1
68 73

1
69 73

1
70 73

1
71 73

1
71 72

1
71 71

1
71 70

1
71 69

1
71 68

1
71 67

1
71 66

1
71 65

1
71 64

1
70 64

1
70 65

1
70 66

1
70 67

1
70 68

1
70 69

1
70 70

1
70 71

1
70 72

1
69 72

1
69 71

1
69 70

1
69 69

1
69 68

1
69 67

1
69 66

1
69 65

1
69 64

1
68 64

1
68 65

1
68 66

1
68 67

1
68 68

1
68 69

1
68 70

1
68 71

1
68 72

1
67 72

1
67 71

1
67 70

1
67 69

1
67 68

1
67 67

1
67 66

1
67 65

1
67 64

1
66 64

1
66 65

1
66 66

1
66 67

1
66 68

1
66 69

1
66 70

1
66 71

1
66 72

1
65 72

1
65 71

1
65 70

1
65 69

1
65 68

1
65 67

1
65 66

1
65 65

1
65 64

1
64 64

1
64 65

1
64 66

1
64 67

1
64 68

1
64 69

1
64 70

1
64 71

1
64 72

1
63 72

1
63 71

1
63 70

1
63 69

1
63 68

1
63 67

1
63 66

1
63 65

1
63 64

1
62 64

1
62 65

1
62 66

1
62 67

1
62 68

1
62 69

1
62 70

1
62 71

1
62 72

1
61 72

1
61 71

1
61 70

1
61 69

1
61 68

1
61 67

1
61 66

1
61 65

1
61 64

1
60 64

1
60 65

1
60 66

1
60 67

1
60 68

1
60 69

1
60 70

1
60 71

1
60 72

1
59 72

1
59 71

1
59 70

1
59 69

1
59 68

1
59 67

1
59 66

1
59 65

1
59 64

1
58 64

1
58 65

1
58 66

1
58 67

1
58 68

1
58 69

1
58 70

1
58 71

1
58 72

1
57 72

1
57 71

1
57 70

1
57 69

1
57 68

1
57 67

1
57 66

1
57 65

1
57 64

1
56 64

1
56 65

1
56 66

1
56 67

1
56 68

1
56 69

1
56 70

1
56 71

1
56 72

1
55 72

1
55 71

1
55 70

1
55 69

1
55 68

1
55 67

1
55 66

1
55 65

1
55 64

1
54 64

1
54 65

1
54 66

1
54 67

1
54 68

1
54 69

1
54 70

1
54 71

1
54 72

1
53 72

1
53 71

1
53 70

1
53 69

1
53 68

1
53 67

1
53 66

1
53 65

1
53 64

1
52 64

1
52 65

1
52 66

1
52 67

1
52 68

1
52 69

1
52 70

1
52 71

1
52 72

1
51 72

1
51 71

1
51 70

1
51 69

1
51 68

1
51 67

1
51 66

1
51 65

1
51 64

1
50 64

1
50 65

1
50 66

1
50 67

1
50 68

1
50 69

1
50 70

1
50 71

1
50 72

1
49 72

1
49 71

1
49 70

1
49 69

1
49 68

1
49 67

1
49 66

1
49 65

1
49 64

1
48 64

1
48 65

1
48 66

1
48 67

1
48 68

1
48 69

1
48 70

1
48 71

1
48 72

1
47 72

1
47 71

1
47 70

1
47 69

1
47 68

1
47 67

1
47 66

1
47 65

1
47 64

1
46 64

1
46 65

1
46 66

1
46 67

1
46 68

1
46 69

1
46 70

1
46 71

1
46 72

1
45 72

1
44 72

1
43 72

1
42 72

1
41 72

1
41 71

1
42 71

1
43 71

1
44 71

1
45 71

1
45 70

1
45 69

1
45 68

1
45 67

1
45 66

1
45 65

1
45 64

1
44 64

1
44 65

1
44 66

1
44 67

1
44 68

1
44 69

1
44 70

1
43 70

1
43 69

1
43 68

1
43 67

1
43 66

1
43 65

1
43 64

1
42 64

1
42 65

1
42 66

1
42 67

1
42 68

1
42 69

1
42 70

1
41 70

1
41 69

1
41 68

1
41 67

1
41 66

1
41 65

1
41 64

1
41 63

1
42 63

1
43 63

1
44 63

1
45 63

1
46 63

1
47 63

1
48 63

1
49 63

1
50 63

1
51 63

1
52 63

1
53 63

1
54 63

1
55 63

1
56 63

1
57 63

1
58 63

1
59 63

1
60 63

1
61 63

1
62 63

1
63 63

1
64 63

1
65 63

1
66 63

1
67 63

1
68 63

1
69 63

1
70 63

1
71 63

1
71 62

1
70 62

1
69 62

1
68 62

1
67 62

1
66 62

1
65 62

1
64 62

1
63 62

1
62 62

1
61 62

1
60 62

1
59 62

1
58 62

1
57 62

1
56 62

1
55 62

1
54 62

1
53 62

1
52 62

1
51 62

1
50 62

1
49 62

1
48 62

1
47 62

1
46 62

1
45 62

1
44 62

1
43 62

1
42 62

1
41 62

1
41 61

1
42 61

1
43 61

1
44 61

1
45 61

1
46 61

1
47 61

1
48 61

1
49 61

1
50 61

1
51 61

1
52 61

1
53 61

1
54 61

1
55 61

1
56 61

1
57 61

1
58 61

1
59 61

1
60 61

1
61 61

1
62 61

1
63 61

1
64 61

1
65 61

1
66 61

1
67 61

1
68 61

1
69 61

1
70 61

1
71 61

1
71 60

1
70 60

1
69 60

1
68 60

1
67 60

1
66 60

1
65 60

1
64 60

1
63 60

1
62 60

1
61 60

1
60 60

1
59 60

1
58 60

1
57 60

1
56 60

1
55 60

1
54 60

1
53 60

1
52 60

1
51 60

1
50 60

1
49 60

1
48 60

1
47 60

1
46 60

1
45 60

1
44 60

1
43 60

1
42 60

1
41 60

1
41 59

1
42 59

1
43 59

1
44 59

1
45 59

1
46 59

1
47 59

1
48 59

1
49 59

1
50 59

1
51 59

1
52 59

1
53 59

1
54 59

1
55 59

1
56 59

1
57 59

1
58 59

1
59 59

1
60 59

1
61 59

1
62 59

1
63 59

1
64 59

1
65 59

1
66 59

1
67 59

1
68 59

1
69 59

1
70 59

1
71 59

1
71 58

1
70 58

1
69 58

1
68 58

1
67 58

1
66 58

1
65 58

1
64 58

1
63 58

1
62 58

1
61 58

1
60 58

1
59 58

1
58 58

1
57 58

1
56 58

1
55 58

1
54 58

1
53 58

1
52 58

1
51 58

1
50 58

1
49 58

1
48 58

1
47 58

1
46 58

1
45 58

1
44 58

1
43 58

1
42 58

1
41 58

1
41 57

1
42 57

1
43 57

1
44 57

1
45 57

1
46 57

1
47 57

1
48 57

1
49 57

1
50 57

1
51 57

1
52 57

1
53 57

1
54 57

1
55 57

1
56 57

1
57 57

1
58 57

1
59 57

1
60 57

1
61 57

1
62 57

1
63 57

1
64 57

1
65 57

1
66 57

1
67 57

1
68 57

1
69 57

1
70 57

1
71 57

1
71 56

1
70 56

1
69 56

1
68 56

1
67 56

1
66 56

1
65 56

1
64 56

1
63 56

1
62 56

1
61 56

1
60 56

1
59 56

1
58 56

1
57 56

1
56 56

1
55 56

1
54 56

1
53 56

1
52 56

1
51 56

1
50 56

1
49 56

1
48 56

1
47 56

1
46 56

1
45 56

1
44 56

1
43 56

1
42 56

1
41 56

1
41 55

1
42 55

1
43 55

1
44 55

1
45 55

1
46 55

1
47 55

1
48 55

1
49 55

1
50 55

1
51 55

1
52 55

1
53 55

1
54 55

1
55 55

1
56 55

1
57 55

1
58 55

1
59 55

1
60 55

1
61 55

1
62 55

1
63 55

1
64 55

1
65 55

1
66 55

1
67 55

1
68 55

1
69 55

1
70 55

1
71 55

1
71 54

1
70 54

1
69 54

1
68 54

1
67 54

1
66 54

1
65 54

1
64 54

1
63 54

1
62 54

1
61 54

1
60 54

1
59 54

1
58 54

1
57 54

1
56 54

1
55 54

1
54 54

1
53 54

1
52 54

1
51 54

1
50 54

1
49 54

1
48 54

1
47 54

1
46 54

1
45 54

1
44 54

1
43 54

1
42 54

1
41 54

1
41 53

1
42 53

1
43 53

1
44 53

1
45 53

1
46 53

1
47 53

1
48 53

1
49 53

1
50 53

1
51 53

1
52 53

1
53 53

1
54 53

1
55 53

1
56 53

1
57 53

1
58 53

1
59 53

1
60 53

1
61 53

1
62 53

1
63 53

1
64 53

1
65 53

1
66 53

1
67 53

1
68 53

1
69 53

1
70 53

1
71 53

1
71 52

1
70 52

1
69 52

1
68 52

1
67 52

1
66 52

1
65 52

1
64 52

1
63 52

1
62 52

1
61 52

1
60 52

1
59 52

1
58 52

1
57 52

1
56 52

1
55 52

1
54 52

1
53 52

1
52 52

1
51 52

1
50 52

1
49 52

1
48 52

1
47 52

1
46 52

1
45 52

1
44 52

1
43 52

1
42 52

1
41 52

1
40 52

1
39 52

1
38 52

1
37 52

1
36 52

1
35 52

1
34 52

1
33 52

1
32 52

1
31 52

1
30 52

1
29 52

1
28 52

1
27 52

1
26 52

1
25 52

1
24 52

1
23 52

1
22 52

1
21 52

1
20 52

1
19 52

1
18 52

1
17 52

1
16 52

1
15 52

1
14 52

1
13 52

1
13 51

1
14 51

1
15 51

1
16 51

1
17 51

1
18 51

1
19 51

1
20 51

1
21 51

1
22 51

1
23 51

1
24 51

1
25 51

1
26 51

1
27 51

1
28 51

1
29 51

1
30 51

1
31 51

1
32 51

1
33 51

1
34 51

1
35 51

1
36 51

1
37 51

1
38 51

1
39 51

1
40 51

1
41 51

1
42 51

1
43 51

1
44 51

1
45 51

1
46 51

1
47 51

1
48 51

1
49 51

1
50 51

1
51 51

1
52 51

1
53 51

1
54 51

1
55 51

1
56 51

1
57 51

1
58 51

1
59 51

1
60 51

1
61 51

1
62 51

1
63 51

1
64 51

1
65 51

1
66 51

1
67 51

1
68 51

1
69 51

1
70 51

1
71 51

1
71 50

1
70 50

1
69 50

1
68 50

1
67 50

1
66 50

1
65 50

1
64 50

1
63 50

1
62 50

1
61 50

1
60 50

1
59 50

1
58 50

1
57 50

1
56 50

1
55 50

1
54 50

1
53 50

1
52 50

1
51 50

1
50 50

1
49 50

1
48 50

1
47 50

1
46 50

1
45 50

1
44 50

1
43 50

1
42 50

1
41 50

1
40 50

1
39 50

1
38 50

1
37 50

1
36 50

1
35 50

1
34 50

1
33 50

1
32 50

1
31 50

1
30 50

1
29 50

1
28 50

1
27 50

1
26 50

1
25 50

1
24 50

1
23 50

1
22 50

1
21 50

1
20 50

1
19 50

1
18 50

1
17 50

1
16 50

1
15 50

1
14 50

1
13 50

1
13 49

1
14 49

1
15 49

1
16 49

1
17 49

1
18 49

1
19 49

1
20 49

1
21 49

1
22 49

1
23 49

1
24 49

1
25 49

1
26 49

1
27 49

1
28 49

1
29 49

1
30 49

1
31 49

1
32 49

1
33 49

1
34 49

1
35 49

1
36 49

1
37 49

1
38 49

1
39 49

1
40 49

1
41 49

1
42 49

1
43 49

1
44 49

1
45 49

1
46 49

1
47 49

1
48 49

1
49 49

1
50 49

1
51 49

1
52 49

1
53 49

1
54 49

1
55 49

1
56 49

1
57 49

1
58 49

1
59 49

1
60 49

1
61 49

1
62 49

1
63 49

1
64 49

1
65 49

1
66 49

1
67 49

1
68 49

1
69 49

1
70 49

1
71 49

1
71 48

1
70 48

1
69 48

1
68 48

1
67 48

1
66 48

1
65 48

1
64 48

1
63 48

1
62 48

1
61 48

1
60 48

1
59 48

1
58 48

1
57 48

1
56 48

1
55 48

1
54 48

1
53 48

1
52 48

1
51 48

1
50 48

1
49 48

1
48 48

1
47 48

1
46 48

1
45 48

1
44 48

1
43 48

1
42 48

1
41 48

1
40 48

1
39 48

1
38 48

1
37 48

1
36 48

1
35 48

1
34 48

1
33 48

1
32 48

1
31 48

1
30 48

1
29 48

1
28 48

1
27 48

1
26 48

1
25 48

1
24 48

1
23 48

1
22 48

1
21 48

1
20 48

1
19 48

1
18 48

1
17 48

1
16 48

1
15 48

1
14 48

1
13 48

1
13 47

1
14 47

1
15 47

1
16 47

1
17 47

1
18 47

1
19 47

1
20 47

1
21 47

1
22 47

1
23 47

1
24 47

1
25 47

1
26 47

1
27 47

1
28 47

1
29 47

1
30 47

1
31 47

1
32 47

1
33 47

1
34 47

1
35 47

1
36 47

1
37 47

1
38 47

1
39 47

1
40 47

1
41 47

1
42 47

1
43 47

1
44 47

1
45 47

1
46 47

1
47 47

1
48 47

1
49 47

1
50 47

1
51 47

1
52 47

1
53 47

1
54 47

1
55 47

1
56 47

1
57 47

1
58 47

1
59 47

1
60 47

1
61 47

1
62 47

1
63 47

1
64 47

1
65 47

1
66 47

1
67 47

1
68 47

1
69 47

1
70 47

1
71 47

1
71 46

1
70 46

1
69 46

1
68 46

1
67 46

1
66 46

1
65 46

1
64 46

1
63 46

1
62 46

1
61 46

1
60 46

1
59 46

1
58 46

1
57 46

1
56 46

1
55 46

1
54 46

1
53 46

1
52 46

1
51 46

1
50 46

1
49 46

1
48 46

1
47 46

1
46 46

1
45 46

1
44 46

1
43 46

1
42 46

1
41 46

1
40 46

1
39 46

1
38 46

1
37 46

1
36 46

1
35 46

1
34 46

1
33 46

1
32 46

1
31 46

1
30 46

1
29 46

1
28 46

1
27 46

1
26 46

1
25 46

1
24 46

1
23 46

1
22 46

1
21 46

1
20 46

1
19 46

1
18 46

1
17 46

1
16 46

1
15 46

1
14 46

1
13 46

1
13 45

1
14 45

1
15 45

1
16 45

1
17 45

1
18 45

1
19 45

1
20 45

1
21 45

1
22 45

1
23 45

1
24 45

1
25 45

1
26 45

1
27 45

1
28 45

1
29 45

1
30 45

1
31 45

1
32 45

1
33 45

1
34 45

1
35 45

1
36 45

1
37 45

1
38 45

1
39 45

1
40 45

1
41 45

1
42 45

1
43 45

1
44 45

1
45 45

1
46 45

1
47 45

1
48 45

1
49 45

1
50 45

1
51 45

1
52 45

1
53 45

1
54 45

1
55 45

1
56 45

1
57 45

1
58 45

1
59 45

1
60 45

1
61 45

1
62 45

1
63 45

1
64 45

1
65 45

1
66 45

1
67 45

1
68 45

1
69 45

1
70 45

1
71 45

1
71 44

1
70 44

1
69 44

1
68 44

1
67 44

1
66 44

1
65 44

1
64 44

1
63 44

1
62 44

1
61 44

1
60 44

1
59 44

1
58 44

1
57 44

1
56 44

1
55 44

1
54 44

1
53 44

1
52 44

1
51 44

1
50 44

1
49 44

1
48 44

1
47 44

1
46 44

1
45 44

1
44 44

1
43 44

1
42 44

1
41 44

1
40 44

1
39 44

1
38 44

1
37 44

1
36 44

1
35 44

1
34 44

1
33 44

1
32 44

1
31 44

1
30 44

1
29 44

1
28 44

1
27 44

1
26 44

1
25 44

1
24 44

1
23 44

1
22 44

1
21 44

1
20 44

1
19 44

1
18 44

1
17 44

1
16 44

1
15 44

1
14 44

1
13 44

1
13 43

1
14 43

1
15 43

1
16 43

1
17 43

1
18 43

1
19 43

1
20 43

1
21 43

1
22 43

1
23 43

1
24 43

1
25 43

1
26 43

1
27 43

1
28 43

1
29 43

1
30 43

1
31 43

1
32 43

1
33 43

1
34 43

1
35 43

1
36 43

1
37 43

1
38 43

1
39 43

1
40 43

1
41 43

1
42 43

1
43 43

1
44 43

1
45 43

1
46 43

1
47 43

1
48 43

1
49 43

1
50 43

1
51 43

1
52 43

1
53 43

1
54 43

1
55 43

1
56 43

1
57 43

1
58 43

1
59 43

1
60 43

1
61 43

1
62 43

1
63 43

1
64 43

1
65 43

1
66 43

1
67 43

1
68 43

1
69 43

1
70 43

1
71 43

1
71 42

1
70 42

1
69 42

1
68 42

1
67 42

1
66 42

1
65 42

1
64 42

1
63 42

1
62 42

1
61 42

1
60 42

1
59 42

1
58 42

1
57 42

1
56 42

1
55 42

1
54 42

1
53 42

1
52 42

1
51 42

1
50 42

1
49 42

1
48 42

1
47 42

1
46 42

1
45 42

1
44 42

1
43 42

1
42 42

1
41 42

1
40 42

1
39 42

1
38 42

1
37 42

1
36 42

1
35 42

1
34 42

1
33 42

1
32 42

1
31 42

1
30 42

1
29 42

1
28 42

1
27 42

1
26 42

1
25 42

1
24 42

1
23 42

1
22 42

1
21 42

1
20 42

1
19 42

1
18 42

1
17 42

1
16 42

1
15 42

1
14 42

1
13 42

1
13 41

1
14 41

1
15 41

1
16 41

1
17 41

1
18 41

1
19 41

1
20 41

1
21 41

1
22 41

1
23 41

1
24 41

1
25 41

1
26 41

1
27 41

1
28 41

1
29 41

1
30 41

1
31 41

1
32 41

1
33 41

1
34 41

1
35 41

1
36 41

1
37 41

1
38 41

1
39 41

1
40 41

1
41 41

1
42 41

1
43 41

1
44 41

1
45 41

1
46 41

1
47 41

1
48 41

1
49 41

1
50 41

1
51 41

1
52 41

1
53 41

1
54 41

1
55 41

1
56 41

1
57 41

1
58 41

1
59 41

1
60 41

1
61 41

1
62 41

1
63 41

1
64 41

1
65 41

1
66 41

1
67 41

1
68 41

1
69 41

1
70 41

1
71 41

1
71 40

1
70 40

1
69 40

1
68 40

1
67 40

1
66 40

1
65 40

1
64 40

1
63 40

1
62 40

1
61 40

1
60 40

1
59 40

1
58 40

1
57 40

1
56 40

1
55 40

1
54 40

1
53 40

1
52 40

1
51 40

1
50 40

1
49 40

1
48 40

1
47 40

1
46 40

1
45 40

1
44 40

1
43 40

1
42 40

1
41 40

1
40 40

1
39 40

1
38 40

1
37 40

1
36 40

1
35 40

1
34 40

1
33 40

1
32 40

1
31 40

1
30 40

1
29 40

1
28 40

1
27 40

1
26 40

1
25 40

1
24 40

1
23 40

1
22 40

1
21 40

1
20 40

1
19 40

1
18 40

1
17 40

1
16 40

1
15 40

1
14 40

1
13 40

1
13 39

1
14 39

1
15 39

1
16 39

1
17 39

1
18 39

1
19 39

1
20 39

1
21 39

1
22 39

1
23 39

1
24 39

1
25 39

1
26 39

1
27 39

1
28 39

1
29 39

1
30 39

1
31 39

1
32 39

1
33 39

1
34 39

1
35 39

1
36 39

1
37 39

1
38 39

1
39 39

1
40 39

1
41 39

1
42 39

1
43 39

1
44 39

1
45 39

1
46 39

1
47 39

1
48 39

1
49 39

1
50 39

1
51 39

1
52 39

1
53 39

1
54 39

1
55 39

1
56 39

1
57 39

1
58 39

1
59 39

1
60 39

1
61 39

1
62 39

1
63 39

1
64 39

1
65 39

1
66 39

1
67 39

1
68 39

1
69 39

1
70 39

1
71 39

1
71 38

1
70 38

1
69 38

1
68 38

1
67 38

1
66 38

1
65 38

1
64 38

1
63 38

1
62 38

1
61 38

1
60 38

1
59 38

1
58 38

1
57 38

1
56 38

1
55 38

1
54 38

1
53 38

1
52 38

1
51 38

1
50 38

1
49 38

1
48 38

1
47 38

1
46 38

1
45 38

1
44 38

1
43 38

1
42 38

1
41 38

1
40 38

1
39 38

1
38 38

1
37 38

1
36 38

1
35 38

1
34 38

1
33 38

1
32 38

1
31 38

1
30 38

1
29 38

1
28 38

1
27 38

1
26 38

1
25 38

1
24 38

1
23 38

1
22 38

1
21 38

1
20 38

1
19 38

1
18 38

1
17 38

1
16 38

1
15 38

1
14 38

1
13 38

1
13 37

1
14 37

1
15 37

1
16 37

1
17 37

1
18 37

1
19 37

1
20 37

1
21 37

1
22 37

1
23 37

1
24 37

1
25 37

1
26 37

1
27 37

1
28 37

1
29 37

1
30 37

1
31 37

1
32 37

1
33 37

1
34 37

1
35 37

1
36 37

1
37 37

1
38 37

1
39 37

1
40 37

1
41 37

1
42 37

1
43 37

1
44 37

1
45 37

1
46 37

1
47 37

1
48 37

1
49 37

1
50 37

1
51 37

1
52 37

1
53 37

1
54 37

1
55 37

1
56 37

1
57 37

1
58 37

1
59 37

1
60 37

1
61 37

1
62 37

1
63 37

1
64 37

1
65 37

1
66 37

1
67 37

1
68 37

1
69 37

1
70 37

1
71 37

1
71 36

1
70 36

1
69 36

1
68 36

1
67 36

1
66 36

1
65 36

1
64 36

1
63 36

1
62 36

1
61 36

1
60 36

1
59 36

1
58 36

1
57 36

1
56 36

1
55 36

1
54 36

1
53 36

1
52 36

1
51 36

1
50 36

1
49 36

1
48 36

1
47 36

1
46 36

1
45 36

1
44 36

1
43 36

1
42 36

1
41 36

1
40 36

1
39 36

1
38 36

1
37 36

1
36 36

1
35 36

1
34 36

1
33 36

1
32 36

1
31 36

1
30 36

1
29 36

1
28 36

1
27 36

1
26 36

1
25 36

1
24 36

1
23 36

1
22 36

1
21 36

1
20 36

1
19 36

1
18 36

1
17 36

1
16 36

1
15 36

1
14 36

1
13 36

1
13 35

1
14 35

1
15 35

1
16 35

1
17 35

1
18 35

1
19 35

1
20 35

1
21 35

1
22 35

1
23 35

1
24 35

1
25 35

1
26 35

1
27 35

1
28 35

1
29 35

1
30 35

1
31 35

1
32 35

1
33 35

1
34 35

1
35 35

1
36 35

1
37 35

1
38 35

1
39 35

1
40 35

1
41 35

1
42 35

1
43 35

1
44 35

1
45 35

1
46 35

1
47 35

1
48 35

1
49 35

1
50 35

1
51 35

1
52 35

1
53 35

1
54 35

1
55 35

1
56 35

1
57 35

1
58 35

1
59 35

1
60 35

1
61 35

1
62 35

1
63 35

1
64 35

1
65 35

1
66 35

1
67 35

1
68 35

1
69 35

1
70 35

1
71 35

1
71 34

1
70 34

1
69 34

1
68 34

1
67 34

1
66 34

1
65 34

1
64 34

1
63 34

1
62 34

1
61 34

1
60 34

1
59 34

1
58 34

1
57 34

1
56 34

1
55 34

1
54 34

1
53 34

1
52 34

1
51 34

1
50 34

1
49 34

1
48 34

1
47 34

1
46 34

1
45 34

1
44 34

1
43 34

1
42 34

1
41 34

1
40 34

1
39 34

1
38 34

1
37 34

1
36 34

1
35 34

1
34 34

1
33 34

1
32 34

1
31 34

1
30 34

1
29 34

1
28 34

1
27 34

1
26 34

1
25 34

1
24 34

1
23 34

1
22 34

1
21 34

1
20 34

1
19 34

1
18 34

1
17 34

1
16 34

1
15 34

1
14 34

1
13 34

1
13 33

1
14 33

1
15 33

1
16 33

1
17 33

1
18 33

1
19 33

1
20 33

1
21 33

1
22 33

1
23 33

1
24 33

1
25 33

1
26 33

1
27 33

1
28 33

1
29 33

1
30 33

1
31 33

1
32 33

1
33 33

1
34 33

1
35 33

1
36 33

1
37 33

1
38 33

1
39 33

1
40 33

1
41 33

1
42 33

1
43 33

1
44 33

1
45 33

1
46 33

1
47 33

1
48 33

1
49 33

1
50 33

1
51 33

1
52 33

1
53 33

1
54 33

1
55 33

1
56 33

1
57 33

1
58 33

1
59 33

1
60 33

1
61 33

1
62 33

1
63 33

1
64 33

1
65 33

1
66 33

1
67 33

1
68 33

1
69 33

1
70 33

1
71 33

1
71 32

1
70 32

1
69 32

1
68 32

1
67 32

1
66 32

1
65 32

1
64 32

1
63 32

1
62 32

1
61 32

1
60 32

1
59 32

1
58 32

1
57 32

1
56 32

1
55 32

1
54 32

1
53 32

1
52 32

1
51 32

1
50 32

1
49 32

1
48 32

1
47 32

1
46 32

1
45 32

1
44 32

1
43 32

1
42 32

1
41 32

1
40 32

1
39 32

1
38 32

1
37 32

1
36 32

1
35 32

1
34 32

1
33 32

1
32 32

1
31 32

1
30 32

1
29 32

1
28 32

1
27 32

1
26 32

1
25 32

1
24 32

1
23 32

1
22 32

1
21 32

1
20 32

1
19 32

1
18 32

1
17 32

1
16 32

1
15 32

1
14 32

1
13 32

1
13 31

1
14 31

1
15 31

1
16 31

1
17 31

1
18 31

1
19 31

1
20 31

1
21 31

1
22 31

1
23 31

1
24 31

1
25 31

1
26 31

1
27 31

1
28 31

1
29 31

1
30 31

1
31 31

1
32 31

1
33 31

1
34 31

1
35 31

1
36 31

1
37 31

1
38 31

1
39 31

1
40 31

1
41 31

1
42 31

1
43 31

1
44 31

1
45 31

1
46 31

1
47 31

1
48 31

1
49 31

1
50 31

1
51 31

1
52 31

1
53 31

1
54 31

1
55 31

1
56 31

1
57 31

1
58 31

1
59 31

1
60 31

1
61 31

1
62 31

1
63 31

1
64 31

1
65 31

1
66 31

1
67 31

1
68 31

1
69 31

1
70 31

1
71 31

1
71 30

1
70 30

1
69 30

1
68 30

1
67 30

1
66 30

1
65 30

1
64 30

1
63 30

1
62 30

1
61 30

1
60 30

1
59 30

1
58 30

1
57 30

1
56 30

1
55 30

1
54 30

1
53 30

1
52 30

1
51 30

1
50 30

1
49 30

1
48 30

1
47 30

1
46 30

1
45 30

1
44 30

1
43 30

1
42 30

1
41 30

1
40 30

1
39 30

1
38 30

1
37 30

1
36 30

1
35 30

1
34 30

1
33 30

1
32 30

1
31 30

1
30 30

1
29 30

1
28 30

1
27 30

1
26 30

1
25 30

1
24 30

1
23 30

1
22 30

1
21 30

1
20 30

1
19 30

1
18 30

1
17 30

1
16 30

1
15 30

1
14 30

1
13 30

1
12 30

1
12 31

1
11 31

1
10 31

1
9 31

1
8 31

1
7 31

1
6 31

1
7 30

1
6 30

1
5 30

1
5 31

1
4 31

1
3 31

1
2 31

1
1 31

1
0 31

1
0 30

1
1 30

1
2 30

1
3 30

1
4 30

1
4 29

1
5 29

1
6 29

1
7 29

1
8 29

1
8 30

1
9 30

1
10 30

1
11 30

1
11 29

1
12 29

1
13 29

1
14 29

1
15 29

1
16 29

1
17 29

1
18 29

1
19 29

1
20 29

1
21 29

1
22 29

1
23 29

1
24 29

1
25 29

1
26 29

1
27 29

1
28 29

1
29 29

1
30 29

1
31 29

1
32 29

1
33 29

1
34 29

1
35 29

1
36 29

1
37 29

1
38 29

1
39 29

1
40 29

1
41 29

1
42 29

1
43 29

1
44 29

1
45 29

1
46 29

1
47 29

1
48 29

1
49 29

1
50 29

1
51 29

1
52 29

1
53 29

1
54 29

1
55 29

1
56 29

1
57 29

1
58 29

1
59 29

1
60 29

1
61 29

1
62 29

1
63 29

1
64 29

1
65 29

1
66 29

1
67 29

1
68 29

1
69 29

1
70 29

1
71 29

1
71 28

1
70 28

1
69 28

1
68 28

1
67 28

1
66 28

1
65 28

1
64 28

1
63 28

1
62 28

1
61 28

1
60 28

1
59 28

1
58 28

1
57 28

1
56 28

1
55 28

1
54 28

1
53 28

1
52 28

1
51 28

1
50 28

1
49 28

1
48 28

1
47 28

1
46 28

1
45 28

1
44 28

1
43 28

1
42 28

1
41 28

1
40 28

1
39 28

1
38 28

1
37 28

1
36 28

1
35 28

1
34 28

1
33 28

1
32 28

1
31 28

1
30 28

1
29 28

1
28 28

1
27 28

1
26 28

1
25 28

1
24 28

1
23 28

1
22 28

1
21 28

1
20 28

1
19 28

1
18 28

1
17 28

1
16 28

1
15 28

1
14 28

1
13 28

1
12 28

1
11 28

1
10 28

1
10 29

1
9 29

1
9 28

1
8 28

1
7 28

1
6 28

1
5 28

1
4 28

1
3 28

1
3 29

1
2 29

1
2 28

1
1 28

1
1 29

1
0 29

1
0 28

1
0 27

1
1 27

1
2 27

1
3 27

1
4 27

1
5 27

1
6 27

1
7 27

1
8 27

1
9 27

1
10 27

1
11 27

1
12 27

1
13 27

1
14 27

1
15 27

1
16 27

1
17 27

1
18 27

1
19 27

1
20 27

1
21 27

1
22 27

1
23 27

1
24 27

1
25 27

1
26 27

1
27 27

1
28 27

1
29 27

1
30 27

1
31 27

1
32 27

1
33 27

1
34 27

1
35 27

1
36 27

1
37 27

1
38 27

1
39 27

1
40 27

1
41 27

1
42 27

1
43 27

1
44 27

1
45 27

1
46 27

1
47 27

1
48 27

1
49 27

1
50 27

1
51 27

1
52 27

1
53 27

1
54 27

1
55 27

1
56 27

1
57 27

1
58 27

1
59 27

1
60 27

1
61 27

1
62 27

1
63 27

1
64 27

1
65 27

1
66 27

1
67 27

1
68 27

1
69 27

1
70 27

1
71 27

1
71 26

1
70 26

1
69 26

1
68 26

1
67 26

1
66 26

1
65 26

1
64 26

1
63 26

1
62 26

1
61 26

1
60 26

1
59 26

1
58 26

1
57 26

1
56 26

1
55 26

1
54 26

1
53 26

1
52 26

1
51 26

1
50 26

1
49 26

1
48 26

1
47 26

1
46 26

1
45 26

1
44 26

1
43 26

1
42 26

1
41 26

1
40 26

1
39 26

1
38 26

1
37 26

1
36 26

1
35 26

1
34 26

1
33 26

1
32 26

1
31 26

1
30 26

1
29 26

1
28 26

1
27 26

1
26 26

1
25 26

1
24 26

1
23 26

1
22 26

1
21 26

1
20 26

1
19 26

1
18 26

1
17 26

1
16 26

1
15 26

1
14 26

1
13 26

1
12 26

1
11 26

1
10 26

1
9 26

1
8 26

1
7 26

1
6 26

1
5 26

1
4 26

1
3 26

1
2 26

1
1 26

1
0 26

1
0 25

1
1 25

1
2 25

1
3 25

1
4 25

1
5 25

1
6 25

1
7 25

1
8 25

1
9 25

1
10 25

1
11 25

1
12 25

1
13 25

1
14 25

1
15 25

1
16 25

1
17 25

1
18 25

1
19 25

1
20 25

1
21 25

1
22 25

1
23 25

1
24 25

1
25 25

1
26 25

1
27 25

1
28 25

1
29 25

1
30 25

1
31 25

1
32 25

1
33 25

1
34 25

1
35 25

1
36 25

1
37 25

1
38 25

1
39 25

1
40 25

1
41 25

1
42 25

1
43 25

1
44 25

1
45 25

1
46 25

1
47 25

1
48 25

1
49 25

1
50 25

1
51 25

1
52 25

1
53 25

1
54 25

1
55 25

1
56 25

1
57 25

1
58 25

1
59 25

1
60 25

1
61 25

1
62 25

1
63 25

1
64 25

1
65 25

1
66 25

1
67 25

1
68 25

1
69 25

1
70 25

1
71 25

1
71 24

1
70 24

1
69 24

1
68 24

1
67 24

1
66 24

1
65 24

1
64 24

1
63 24

1
62 24

1
61 24

1
60 24

1
59 24

1
58 24

1
57 24

1
56 24

1
55 24

1
54 24

1
53 24

1
52 24

1
51 24

1
50 24

1
49 24

1
48 24

1
47 24

1
46 24

1
45 24

1
44 24

1
43 24

1
42 24

1
41 24

1
40 24

1
39 24

1
38 24

1
37 24

1
36 24

1
35 24

1
34 24

1
33 24

1
32 24

1
31 24

1
30 24

1
29 24

1
28 24

1
27 24

1
26 24

1
25 24

1
24 24

1
23 24

1
22 24

1
21 24

1
20 24

1
19 24

1
18 24

1
17 24

1
16 24

1
15 24

1
14 24

1
13 24

1
12 24

1
11 24

1
10 24

1
9 24

1
8 24

1
7 24

1
6 24

1
5 24

1
4 24

1
3 24

1
2 24

1
1 24

1
0 24

1
0 23

1
1 23

1
2 23

1
3 23

1
4 23

1
5 23

1
6 23

1
7 23

1
8 23

1
9 23

1
10 23

1
11 23

1
12 23

1
13 23

1
14 23

1
15 23

1
16 23

1
17 23

1
18 23

1
19 23

1
20 23

1
21 23

1
22 23

1
23 23

1
24 23

1
25 23

1
26 23

1
27 23

1
28 23

1
29 23

1
30 23

1
31 23

1
32 23

1
33 23

1
34 23

1
35 23

1
36 23

1
37 23

1
38 23

1
39 23

1
40 23

1
41 23

1
42 23

1
43 23

1
44 23

1
45 23

1
46 23

1
47 23

1
48 23

1
49 23

1
50 23

1
51 23

1
52 23

1
53 23

1
54 23

1
55 23

1
56 23

1
57 23

1
58 23

1
59 23

1
60 23

1
61 23

1
62 23

1
63 23

1
64 23

1
65 23

1
66 23

1
67 23

1
68 23

1
69 23

1
70 23

1
71 23

1
71 22

1
70 22

1
69 22

1
68 22

1
67 22

1
66 22

1
65 22

1
64 22

1
63 22

1
62 22

1
61 22

1
60 22

1
59 22

1
58 22

1
57 22

1
56 22

1
55 22

1
54 22

1
53 22

1
52 22

1
51 22

1
50 22

1
49 22

1
48 22

1
47 22

1
46 22

1
45 22

1
44 22

1
43 22

1
42 22

1
41 22

1
40 22

1
39 22

1
38 22

1
37 22

1
36 22

1
35 22

1
34 22

1
33 22

1
32 22

1
31 22

1
30 22

1
29 22

1
28 22

1
27 22

1
26 22

1
25 22

1
24 22

1
23 22

1
22 22

1
21 22

1
20 22

1
19 22

1
18 22

1
17 22

1
16 22

1
15 22

1
14 22

1
13 22

1
12 22

1
11 22

1
10 22

1
9 22

1
8 22

1
7 22

1
6 22

1
5 22

1
4 22

1
3 22

1
2 22

1
1 22

1
0 22

1
0 21

1
1 21

1
2 21

1
3 21

1
4 21

1
5 21

1
6 21

1
7 21

1
8 21

1
9 21

1
10 21

1
11 21

1
12 21

1
13 21

1
14 21

1
15 21

1
16 21

1
17 21

1
18 21

1
19 21

1
20 21

1
21 21

1
22 21

1
23 21

1
24 21

1
25 21

1
26 21

1
27 21

1
28 21

1
29 21

1
30 21

1
31 21

1
32 21

1
33 21

1
34 21

1
35 21

1
36 21

1
37 21

1
38 21

1
39 21

1
40 21

1
41 21

1
42 21

1
43 21

1
44 21

1
45 21

1
46 21

1
47 21

1
48 21

1
49 21

1
50 21

1
51 21

1
52 21

1
53 21

1
54 21

1
55 21

1
56 21

1
57 21

1
58 21

1
59 21

1
60 21

1
61 21

1
62 21

1
63 21

1
64 21

1
65 21

1
66 21

1
67 21

1
68 21

1
69 21

1
70 21

1
71 21

1
71 20

1
70 20

1
69 20

1
68 20

1
67 20

1
66 20

1
65 20

1
64 20

1
63 20

1
62 20

1
61 20

1
60 20

1
59 20

1
58 20

1
57 20

1
56 20

1
55 20

1
54 20

1
53 20

1
52 20

1
51 20

1
50 20

1
49 20

1
48 20

1
47 20

1
46 20

1
45 20

1
44 20

1
43 20

1
42 20

1
41 20

1
40 20

1
39 20

1
38 20

1
37 20

1
36 20

1
35 20

1
34 20

1
33 20

1
32 20

1
31 20

1
30 20

1
29 20

1
28 20

1
27 20

1
26 20

1
25 20

1
24 20

1
23 20

1
22 20

1
21 20

1
20 20

1
19 20

1
18 20

1
17 20

1
16 20

1
15 20

1
14 20

1
13 20

1
12 20

1
11 20

1
10 20

1
9 20

1
8 20

1
7 20

1
6 20

1
5 20

1
4 20

1
3 20

1
2 20

1
1 20

1
0 20

1
0 19

1
1 19

1
2 19

1
3 19

1
4 19

1
5 19

1
6 19

1
7 19

1
8 19

1
9 19

1
10 19

1
11 19

1
12 19

1
13 19

1
14 19

1
15 19

1
16 19

1
17 19

1
18 19

1
19 19

1
20 19

1
21 19

1
22 19

1
23 19

1
24 19

1
25 19

1
26 19

1
27 19

1
28 19

1
29 19

1
30 19

1
31 19

1
32 19

1
33 19

1
34 19

1
35 19

1
36 19

1
37 19

1
38 19

1
39 19

1
40 19

1
41 19

1
42 19

1
43 19

1
44 19

1
45 19

1
46 19

1
47 19

1
48 19

1
49 19

1
50 19

1
51 19

1
52 19

1
53 19

1
54 19

1
55 19

1
56 19

1
57 19

1
58 19

1
59 19

1
60 19

1
61 19

1
62 19

1
63 19

1
64 19

1
65 19

1
66 19

1
67 19

1
68 19

1
69 19

1
70 19

1
71 19

1
71 18

1
70 18

1
69 18

1
68 18

1
67 18

1
66 18

1
65 18

1
64 18

1
63 18

1
62 18

1
61 18

1
60 18

1
59 18

1
58 18

1
57 18

1
56 18

1
55 18

1
54 18

1
53 18

1
52 18

1
51 18

1
50 18

1
49 18

1
48 18

1
47 18

1
46 18

1
45 18

1
44 18

1
43 18

1
42 18

1
41 18

1
40 18

1
39 18

1
38 18

1
37 18

1
36 18

1
35 18

1
34 18

1
33 18

1
32 18

1
31 18

1
30 18

1
29 18

1
28 18

1
27 18

1
26 18

1
25 18

1
24 18

1
23 18

1
22 18

1
21 18

1
20 18

1
19 18

1
18 18

1
17 18

1
16 18

1
15 18

1
14 18

1
13 18

1
12 18

1
11 18

1
10 18

1
9 18

1
8 18

1
7 18

1
6 18

1
5 18

1
4 18

1
3 18

1
2 18

1
1 18

1
0 18

1
0 17

1
1 17

1
2 17

1
3 17

1
4 17

1
5 17

1
6 17

1
7 17

1
8 17

1
9 17

1
10 17

1
11 17

1
12 17

1
13 17

1
14 17

1
15 17

1
16 17

1
17 17

1
18 17

1
19 17

1
20 17

1
21 17

1
22 17

1
23 17

1
24 17

1
25 17

1
26 17

1
27 17

1
28 17

1
29 17

1
30 17

1
31 17

1
32 17

1
33 17

1
34 17

1
35 17

1
36 17

1
37 17

1
38 17

1
39 17

1
40 17

1
41 17

1
42 17

1
43 17

1
44 17

1
45 17

1
46 17

1
47 17

1
48 17

1
49 17

1
50 17

1
51 17

1
52 17

1
53 17

1
54 17

1
55 17

1
56 17

1
57 17

1
58 17

1
59 17

1
60 17

1
61 17

1
62 17

1
63 17

1
64 17

1
65 17

1
66 17

1
67 17

1
68 17

1
69 17

1
70 17

1
71 17

1
71 16

1
70 16

1
69 16

1
68 16

1
67 16

1
66 16

1
65 16

1
64 16

1
63 16

1
62 16

1
61 16

1
60 16

1
59 16

1
58 16

1
57 16

1
56 16

1
55 16

1
54 16

1
53 16

1
52 16

1
51 16

1
50 16

1
49 16

1
48 16

1
47 16

1
46 16

1
45 16

1
44 16

1
43 16

1
42 16

1
41 16

1
40 16

1
39 16

1
38 16

1
37 16

1
36 16

1
35 16

1
34 16

1
33 16

1
32 16

1
31 16

1
30 16

1
29 16

1
28 16

1
27 16

1
26 16

1
25 16

1
24 16

1
23 16

1
22 16

1
21 16

1
20 16

1
19 16

1
18 16

1
17 16

1
16 16

1
15 16

1
14 16

1
13 16

1
12 16

1
11 16

1
10 16

1
9 16

1
8 16

1
7 16

1
6 16

1
5 16

1
4 16

1
3 16

1
2 16

1
1 16

1
0 16

1
0 15

1
1 15

1
2 15

1
3 15

1
4 15

1
5 15

1
6 15

1
7 15

1
8 15

1
9 15

1
10 15

1
11 15

1
12 15

1
13 15

1
14 15

1
15 15

1
16 15

1
17 15

1
18 15

1
19 15

1
20 15

1
21 15

1
22 15

1
23 15

1
24 15

1
25 15

1
26 15

1
27 15

1
28 15

1
29 15

1
30 15

1
31 15

1
32 15

1
33 15

1
34 15

1
35 15

1
36 15

1
37 15

1
38 15

1
39 15

1
40 15

1
41 15

1
42 15

1
43 15

1
44 15

1
45 15

1
46 15

1
47 15

1
48 15

1
49 15

1
50 15

1
51 15

1
52 15

1
53 15

1
54 15

1
55 15

1
56 15

1
57 15

1
58 15

1
59 15

1
60 15

1
61 15

1
62 15

1
63 15

1
64 15

1
65 15

1
66 15

1
67 15

1
68 15

1
69 15

1
70 15

1
71 15

1
71 14

1
70 14

1
69 14

1
68 14

1
67 14

1
66 14

1
65 14

1
64 14

1
63 14

1
62 14

1
61 14

1
60 14

1
59 14

1
58 14

1
57 14

1
56 14

1
55 14

1
54 14

1
53 14

1
52 14

1
51 14

1
50 14

1
49 14

1
48 14

1
47 14

1
46 14

1
45 14

1
44 14

1
43 14

1
42 14

1
41 14

1
40 14

1
39 14

1
38 14

1
37 14

1
36 14

1
35 14

1
34 14

1
33 14

1
32 14

1
31 14

1
30 14

1
29 14

1
28 14

1
27 14

1
26 14

1
25 14

1
24 14

1
23 14

1
22 14

1
21 14

1
20 14

1
19 14

1
18 14

1
17 14

1
16 14

1
15 14

1
14 14

1
13 14

1
12 14

1
11 14

1
10 14

1
9 14

1
8 14

1
7 14

1
6 14

1
5 14

1
4 14

1
3 14

1
2 14

1
1 14

1
0 14

1
0 13

1
1 13

1
2 13

1
3 13

1
4 13

1
5 13

1
6 13

1
7 13

1
8 13

1
9 13

1
10 13

1
11 13

1
12 13

1
13 13

1
14 13

1
15 13

1
16 13

1
17 13

1
18 13

1
19 13

1
20 13

1
21 13

1
22 13

1
23 13

1
24 13

1
25 13

1
26 13

1
27 13

1
28 13

1
29 13

1
30 13

1
31 13

1
32 13

1
33 13

1
34 13

1
35 13

1
36 13

1
37 13

1
38 13

1
39 13

1
40 13

1
41 13

1
42 13

1
43 13

1
44 13

1
45 13

1
46 13

1
47 13

1
48 13

1
49 13

1
50 13

1
51 13

1
52 13

1
53 13

1
54 13

1
55 13

1
56 13

1
57 13

1
58 13

1
59 13

1
60 13

1
61 13

1
62 13

1
63 13

1
64 13

1
65 13

1
66 13

1
67 13

1
68 13

1
69 13

1
70 13

1
71 13

1
71 12

1
70 12

1
69 12

1
68 12

1
67 12

1
66 12

1
65 12

1
64 12

1
63 12

1
62 12

1
61 12

1
60 12

1
59 12

1
58 12

1
57 12

1
56 12

1
55 12

1
54 12

1
53 12

1
52 12

1
51 12

1
50 12

1
49 12

1
48 12

1
47 12

1
46 12

1
45 12

1
44 12

1
43 12

1
42 12

1
41 12

1
40 12

1
39 12

1
38 12

1
37 12

1
36 12

1
35 12

1
34 12

1
33 12

1
32 12

1
31 12

1
30 12

1
29 12

1
28 12

1
27 12

1
26 12

1
25 12

1
24 12

1
23 12

1
22 12

1
21 12

1
20 12

1
19 12

1
18 12

1
17 12

1
16 12

1
15 12

1
14 12

1
13 12

1
12 12

1
11 12

1
10 12

1
9 12

1
8 12

1
7 12

1
6 12

1
5 12

1
4 12

1
3 12

1
2 12

1
1 12

1
0 12

1
0 11

1
1 11

1
2 11

1
3 11

1
4 11

1
5 11

1
6 11

1
7 11

1
8 11

1
9 11

1
10 11

1
11 11

1
12 11

1
13 11

1
14 11

1
15 11

1
16 11

1
17 11

1
18 11

1
19 11

1
20 11

1
21 11

1
22 11

1
23 11

1
24 11

1
25 11

1
26 11

1
27 11

1
28 11

1
29 11

1
30 11

1
31 11

1
32 11

1
33 11

1
34 11

1
35 11

1
36 11

1
37 11

1
38 11

1
39 11

1
40 11

1
41 11

1
42 11

1
43 11

1
44 11

1
45 11

1
46 11

1
47 11

1
48 11

1
49 11

1
50 11

1
51 11

1
52 11

1
53 11

1
54 11

1
55 11

1
56 11

1
57 11

1
58 11

1
59 11

1
60 11

1
61 11

1
62 11

1
63 11

1
64 11

1
65 11

1
66 11

1
67 11

1
68 11

1
69 11

1
70 11

1
71 11

1
71 10

1
70 10

1
69 10

1
68 10

1
67 10

1
66 10

1
65 10

1
64 10

1
63 10

1
62 10

1
61 10

1
60 10

1
59 10

1
58 10

1
57 10

1
56 10

1
55 10

1
54 10

1
53 10

1
52 10

1
51 10

1
50 10

1
49 10

1
48 10

1
47 10

1
46 10

1
45 10

1
44 10

1
43 10

1
42 10

1
41 10

1
40 10

1
39 10

1
38 10

1
37 10

1
36 10

1
35 10

1
34 10

1
33 10

1
32 10

1
31 10

1
30 10

1
29 10

1
28 10

1
27 10

1
26 10

1
25 10

1
24 10

1
23 10

1
22 10

1
21 10

1
20 10

1
19 10

1
18 10

1
17 10

1
16 10

1
15 10

1
14 10

1
13 10

1
12 10

1
11 10

1
10 10

1
9 10

1
8 10

1
7 10

1
6 10

1
5 10

1
4 10

1
3 10

1
2 10

1
1 10

1
0 10

1
0 9

1
1 9

1
2 9

1
3 9

1
4 9

1
4 8

1
3 8

1
2 8

1
1 8

1
0 8

1
0 7

1
1 7

1
2 7

1
3 7

1
4 7

1
5 7

1
5 8

1
5 9

1
6 9

1
6 8

1
6 7

1
6 6

1
5 6

1
4 6

1
3 6

1
2 6

1
1 6

1
0 6

1
0 5

1
1 5

1
2 5

1
3 5

1
4 5

1
5 5

1
6 5

1
6 4

1
5 4

1
4 4

1
3 4

1
2 4

1
1 4

1
0 4

1
0 3

1
1 3

1
2 3

1
3 3

1
4 3

1
5 3

1
6 3

1
6 2

1
5 2

1
4 2

1
3 2

1
2 2

1
1 2

1
0 2

1
0 1

1
1 1

1
2 1

1
3 1

1
4 1

1
5 1

1
6 1

1
7 1

1
7 2

1
7 3

1
7 4

1
7 5

1
7 6

1
7 7

1
7 8

1
7 9

1
8 9

1
8 8

1
8 7

1
8 6

1
8 5

1
8 4

1
8 3

1
8 2

1
8 1

1
9 1

1
9 2

1
9 3

1
9 4

1
9 5

1
9 6

1
9 7

1
9 8

1
9 9

1
10 9

1
10 8

1
10 7

1
10 6

1
10 5

1
10 4

1
10 3

1
10 2

1
10 1

1
11 1

1
11 2

1
11 3

1
11 4

1
11 5

1
11 6

1
11 7

1
11 8

1
11 9

1
12 9

1
12 8

1
12 7

1
12 6

1
12 5

1
12 4

1
12 3

1
12 2

1
12 1

1
13 1

1
13 2

1
13 3

1
13 4

1
13 5

1
13 6

1
13 7

1
13 8

1
13 9

1
14 9

1
14 8

1
14 7

1
14 6

1
14 5

1
14 4

1
14 3

1
14 2

1
14 1

1
15 1

1
15 2

1
15 3

1
15 4

1
15 5

1
15 6

1
15 7

1
15 8

1
15 9

1
16 9

1
16 8

1
16 7

1
16 6

1
16 5

1
16 4

1
16 3

1
16 2

1
16 1

1
17 1

1
17 2

1
17 3

1
17 4

1
17 5

1
17 6

1
17 7

1
17 8

1
17 9

1
18 9

1
18 8

1
18 7

1
18 6

1
18 5

1
18 4

1
18 3

1
18 2

1
18 1

1
19 1

1
19 2

1
19 3

1
19 4

1
19 5

1
19 6

1
19 7

1
19 8

1
19 9

1
20 9

1
20 8

1
20 7

1
20 6

1
20 5

1
20 4

1
20 3

1
20 2

1
20 1

1
21 1

1
21 2

1
21 3

1
21 4

1
21 5

1
21 6

1
21 7

1
21 8

1
21 9

1
22 9

1
23 9

1
23 8

1
22 8

1
22 7

1
22 6

1
22 5

1
22 4

1
22 3

1
22 2

1
22 1

1
23 1

1
23 2

1
23 3

1
23 4

1
23 5

1
24 5

1
24 6

1
23 6

1
23 7

1
24 7

1
24 8

1
24 9

1
25 9

1
25 8

1
25 7

1
25 6

1
25 5

1
25 4

1
24 4

1
24 3

1
24 2

1
24 1

1
25 1

1
25 2

1
25 3

1
26 3

1
26 4

1
26 5

1
26 6

1
26 7

1
26 8

1
26 9

1
27 9

1
27 8

1
27 7

1
27 6

1
27 5

1
27 4

1
27 3

1
27 2

1
26 2

1
26 1

1
27 1

1
28 1

1
28 2

1
28 3

1
28 4

1
28 5

1
28 6

1
28 7

1
28 8

1
28 9

1
29 9

1
29 8

1
29 7

1
29 6

1
29 5

1
29 4

1
29 3

1
29 2

1
29 1

1
30 1

1
30 2

1
30 3

1
30 4

1
30 5

1
30 6

1
30 7

1
30 8

1
30 9

1
31 9

1
31 8

1
31 7

1
31 6

1
31 5

1
31 4

1
31 3

1
31 2

1
31 1

1
32 1

1
32 2

1
32 3

1
32 4

1
32 5

1
32 6

1
32 7

1
32 8

1
32 9

1
33 9

1
33 8

1
33 7

1
33 6

1
33 5

1
33 4

1
33 3

1
33 2

1
33 1

1
34 1

1
34 2

1
34 3

1
34 4

1
34 5

1
34 6

1
34 7

1
34 8

1
34 9

1
35 9

1
35 8

1
35 7

1
35 6

1
35 5

1
35 4

1
35 3

1
35 2

1
35 1

1
36 1

1
36 2

1
36 3

1
36 4

1
36 5

1
36 6

1
36 7

1
36 8

1
36 9

1
37 9

1
37 8

1
37 7

1
37 6

1
37 5

1
37 4

1
37 3

1
37 2

1
37 1

1
38 1

1
38 2

1
38 3

1
38 4

1
38 5

1
38 6

1
38 7

1
38 8

1
38 9

1
39 9

1
39 8

1
39 7

1
39 6

1
39 5

1
39 4

1
39 3

1
39 2

1
39 1

1
40 1

1
40 2

1
40 3

1
40 4

1
40 5

1
40 6

1
40 7

1
40 8

1
40 9

1
41 9

1
41 8

1
41 7

1
41 6

1
41 5

1
41 4

1
41 3

1
41 2

1
41 1

1
42 1

1
42 2

1
42 3

1
42 4

1
42 5

1
42 6

1
42 7

1
42 8

1
42 9

1
43 9

1
43 8

1
43 7

1
43 6

1
43 5

1
43 4

1
43 3

1
43 2

1
43 1

1
44 1

1
44 2

1
44 3

1
44 4

1
44 5

1
44 6

1
44 7

1
44 8

1
44 9

1
45 9

1
45 8

1
45 7

1
45 6

1
45 5

1
45 4

1
45 3

1
45 2

1
45 1

1
46 1

1
46 2

1
46 3

1
46 4

1
46 5

1
46 6

1
46 7

1
46 8

1
46 9

1
47 9

1
47 8

1
47 7

1
47 6

1
47 5

1
47 4

1
47 3

1
47 2

1
47 1

1
48 1

1
48 2

1
48 3

1
48 4

1
48 5

1
48 6

1
48 7

1
48 8

1
48 9

1
49 9

1
49 8

1
49 7

1
49 6

1
49 5

1
49 4

1
49 3

1
49 2

1
49 1

1
50 1

1
50 2

1
50 3

1
50 4

1
50 5

1
50 6

1
50 7

1
50 8

1
50 9

1
51 9

1
51 8

1
51 7

1
51 6

1
51 5

1
51 4

1
51 3

1
51 2

1
51 1

1
52 1

1
52 2

1
52 3

1
52 4

1
52 5

1
52 6

1
52 7

1
52 8

1
52 9

1
53 9

1
53 8

1
53 7

1
53 6

1
53 5

1
53 4

1
53 3

1
53 2

1
53 1

1
54 1

1
54 2

1
54 3

1
54 4

1
54 5

1
54 6

1
54 7

1
54 8

1
54 9

1
55 9

1
55 8

1
55 7

1
55 6

1
55 5

1
55 4

1
55 3

1
55 2

1
55 1

1
56 1

1
56 2

1
56 3

1
56 4

1
56 5

1
56 6

1
56 7

1
56 8

1
56 9

1
57 9

1
57 8

1
57 7

1
57 6

1
57 5

1
57 4

1
57 3

1
57 2

1
57 1

1
58 1

1
58 2

1
58 3

1
58 4

1
58 5

1
58 6

1
58 7

1
58 8

1
58 9

1
59 9

1
59 8

1
59 7

1
59 6

1
59 5

1
59 4

1
59 3

1
59 2

1
59 1

1
60 1

1
60 2

1
60 3

1
60 4

1
60 5

1
60 6

1
60 7

1
60 8

1
60 9

1
61 9

1
61 8

1
61 7

1
61 6

1
61 5

1
61 4

1
61 3

1
61 2

1
61 1

1
62 1

1
62 2

1
62 3

1
62 4

1
62 5

1
62 6

1
62 7

1
62 8

1
62 9

1
63 9

1
63 8

1
63 7

1
63 6

1
63 5

1
63 4

1
63 3

1
63 2

1
63 1

1
64 1

1
64 2

1
64 3

1
64 4

1
64 5

1
64 6

1
64 7

1
64 8

1
64 9

1
65 9

1
65 8

1
65 7

1
65 6

1
65 5

1
65 4

1
65 3

1
65 2

1
65 1

1
66 1

1
66 2

1
66 3

1
66 4

1
66 5

1
66 6

1
66 7

1
66 8

1
66 9

1
67 9

1
67 8

1
67 7

1
67 6

1
67 5

1
67 4

1
67 3

1
67 2

1
67 1

1
68 1

1
68 2

1
68 3

1
68 4

1
68 5

1
68 6

1
68 7

1
68 8

1
68 9

1
69 9

1
69 8

1
69 7

1
69 6

1
69 5

1
69 4

1
69 3

1
69 2

1
69 1

1
70 1

1
70 2

1
70 3

1
70 4

1
70 5

1
70 6

1
70 7

1
70 8

1
70 9

1
71 9

1
71 8

1
71 7

1
71 6

1
71 5

1
71 4

1
71 3

1
71 2

1
71 1

1
71 0

1
70 0

1
69 0

1
68 0

1
67 0

1
66 0

1
65 0

1
64 0

1
63 0

1
62 0

1
61 0

1
60 0

1
59 0

1
58 0

1
57 0

1
56 0

1
55 0

1
54 0

1
53 0

1
52 0

1
51 0

1
50 0

1
49 0

1
48 0

1
47 0

1
46 0

1
45 0

1
44 0

1
43 0

1
42 0

1
41 0

1
40 0

1
39 0

1
38 0

1
37 0

1
36 0

1
35 0

1
34 0

1
33 0

1
32 0

1
31 0

1
30 0

1
29 0

1
28 0

1
27 0

1
26 0

1
25 0

1
24 0

1
23 0

1
22 0

1
21 0

1
20 0

1
19 0

1
18 0

1
17 0

1
16 0

1
15 0

1
14 0

1
13 0

1
12 0

1
11 0

1
10 0

1
9 0

1
8 0

1
7 0

1
6 0

1
5 0

1
4 0

1
3 0

1
2 0

1
1 0

1
0 0

