2155
0 1014 2688
1014 1052 96
1052 1090 102
1090 1128 108
1128 1166 114
1166 1204 120
1204 1242 126
1242 1280 126
1280 1318 132
1318 1356 132
1356 1394 132
1394 1432 132
1432 1470 132
1470 1508 132
1508 1546 132
1546 1584 132
1584 1622 132
1622 1660 132
1660 1698 132
1698 1736 132
1736 1774 132
1774 1812 132
1812 1850 132
1850 1888 132
1888 1926 132
1926 1964 132
1964 2002 132
2002 2040 132
2040 2078 132
2078 2116 132
2116 2154 132
2154 2153 288
2153 2115 156
2115 2077 156
2077 2039 156
2039 2001 156
2001 1963 156
1963 1925 156
1925 1887 156
1887 1849 156
1849 1811 156
1811 1773 156
1773 1735 156
1735 1697 156
1697 1659 156
1659 1621 156
1621 1583 156
1583 1545 156
1545 1507 156
1507 1469 156
1469 1431 156
1431 1393 156
1393 1355 156
1355 1317 156
1317 1279 156
1279 1241 150
1241 1203 150
1203 1165 144
1165 1127 138
1127 1089 132
1089 1051 126
1051 1013 120
1013 1012 288
1012 1050 144
1050 1088 150
1088 1126 156
1126 1164 162
1164 1202 168
1202 1240 174
1240 1278 174
1278 1316 180
1316 1354 180
1354 1392 180
1392 1430 180
1430 1468 180
1468 1506 180
1506 1544 180
1544 1582 180
1582 1620 180
1620 1658 180
1658 1696 180
1696 1734 180
1734 1772 180
1772 1810 180
1810 1848 180
1848 1886 180
1886 1924 180
1924 1962 180
1962 2000 180
2000 2038 180
2038 2076 180
2076 2114 180
2114 2152 180
2152 2151 288
2151 2113 204
2113 2075 204
2075 2037 204
2037 1999 204
1999 1961 204
1961 1923 204
1923 1885 204
1885 1847 204
1847 1809 204
1809 1771 204
1771 1733 204
1733 1695 204
1695 1657 204
1657 1619 204
1619 1581 204
1581 1543 204
1543 1505 204
1505 1467 204
1467 1429 204
1429 1391 204
1391 1353 204
1353 1315 204
1315 1277 204
1277 1239 198
1239 1201 198
1201 1163 192
1163 1125 186
1125 1087 180
1087 1049 174
1049 1011 168
1011 1010 288
1010 1048 192
1048 1086 198
1086 1124 204
1124 1162 210
1162 1200 216
1200 1238 222
1238 1276 222
1276 1314 228
1314 1352 228
1352 1390 228
1390 1428 228
1428 1466 228
1466 1504 228
1504 1542 228
1542 1580 228
1580 1618 228
1618 1656 228
1656 1694 228
1694 1732 228
1732 1770 228
1770 1808 228
1808 1846 228
1846 1884 228
1884 1922 228
1922 1960 228
1960 1998 228
1998 2036 228
2036 2074 228
2074 2112 228
2112 2150 228
2150 2149 288
2149 2111 252
2111 2073 252
2073 2035 252
2035 1997 252
1997 1959 252
1959 1921 252
1921 1883 252
1883 1845 252
1845 1807 252
1807 1769 252
1769 1731 252
1731 1693 252
1693 1655 252
1655 1617 252
1617 1579 252
1579 1541 252
1541 1503 252
1503 1465 252
1465 1427 252
1427 1389 252
1389 1351 252
1351 1313 252
1313 1275 252
1275 1237 246
1237 1199 246
1199 1161 240
1161 1123 234
1123 1085 228
1085 1047 222
1047 1009 216
1009 1008 504
1008 1046 228
1046 1084 234
1084 1122 240
1122 1160 246
1160 1198 252
1198 1236 252
1236 1274 252
1274 1312 252
1312 1350 252
1350 1388 252
1388 1426 252
1426 1464 252
1464 1502 252
1502 1540 252
1540 1578 252
1578 1616 252
1616 1654 252
1654 1692 252
1692 1730 252
1730 1768 252
1768 1806 252
1806 1844 252
1844 1882 252
1882 1920 252
1920 1958 252
1958 1996 252
1996 2034 252
2034 2072 252
2072 2110 252
2110 2148 252
2148 2147 576
2147 2109 252
2109 2071 252
2071 2033 252
2033 1995 252
1995 1957 252
1957 1919 252
1919 1881 252
1881 1843 252
1843 1805 252
1805 1767 252
1767 1729 252
1729 1691 252
1691 1653 252
1653 1615 252
1615 1577 252
1577 1539 252
1539 1501 252
1501 1463 252
1463 1425 252
1425 1387 252
1387 1349 252
1349 1311 252
1311 1273 252
1273 1235 252
1235 1197 252
1197 1159 252
1159 1121 252
1121 1083 252
1083 1045 246
1045 1007 240
1007 1006 558
1006 1044 252
1044 1082 252
1082 1120 252
1120 1158 252
1158 1196 252
1196 1234 252
1234 1272 252
1272 1310 252
1310 1348 252
1348 1386 252
1386 1424 252
1424 1462 252
1462 1500 252
1500 1538 252
1538 1576 252
1576 1614 252
1614 1652 252
1652 1690 252
1690 1728 252
1728 1766 252
1766 1804 252
1804 1842 252
1842 1880 252
1880 1918 252
1918 1956 252
1956 1994 252
1994 2032 252
2032 2070 252
2070 2108 252
2108 2146 252
2146 2145 576
2145 2107 252
2107 2069 252
2069 2031 252
2031 1993 252
1993 1955 252
1955 1917 252
1917 1879 252
1879 1841 252
1841 1803 252
1803 1765 252
1765 1727 252
1727 1689 252
1689 1651 252
1651 1613 252
1613 1575 252
1575 1537 252
1537 1499 252
1499 1461 252
1461 1423 252
1423 1385 252
1385 1347 252
1347 1309 252
1309 1271 252
1271 1233 252
1233 1195 252
1195 1157 252
1157 1119 252
1119 1081 252
1081 1043 252
1043 1005 252
1005 1004 576
1004 1042 252
1042 1080 252
1080 1118 252
1118 1156 252
1156 1194 252
1194 1232 252
1232 1270 252
1270 1308 252
1308 1346 252
1346 1384 252
1384 1422 252
1422 1460 252
1460 1498 252
1498 1536 252
1536 1574 252
1574 1612 252
1612 1650 252
1650 1688 252
1688 1726 252
1726 1764 252
1764 1802 252
1802 1840 252
1840 1878 252
1878 1916 252
1916 1954 252
1954 1992 252
1992 2030 252
2030 2068 252
2068 2106 252
2106 2144 252
2144 2143 576
2143 2105 252
2105 2067 252
2067 2029 252
2029 1991 252
1991 1953 252
1953 1915 252
1915 1877 252
1877 1839 252
1839 1801 252
1801 1763 252
1763 1725 252
1725 1687 252
1687 1649 252
1649 1611 252
1611 1573 252
1573 1535 252
1535 1497 252
1497 1459 252
1459 1421 252
1421 1383 252
1383 1345 252
1345 1307 252
1307 1269 252
1269 1231 252
1231 1193 252
1193 1155 252
1155 1117 252
1117 1079 252
1079 1041 252
1041 1003 252
1003 976 252
976 949 252
949 922 252
922 895 252
895 868 252
868 841 252
841 814 252
814 787 246
787 760 234
760 733 228
733 706 228
706 679 222
679 652 216
652 625 210
625 598 204
598 571 198
571 544 198
544 517 192
517 490 186
490 463 180
463 436 174
436 409 168
409 382 162
382 355 156
355 328 150
328 301 144
301 274 144
274 247 138
247 246 330
246 273 150
273 300 156
300 327 156
327 354 162
354 381 168
381 408 174
408 435 180
435 462 186
462 489 192
489 516 198
516 543 204
543 570 210
570 597 210
597 624 216
624 651 222
651 678 228
678 705 234
705 732 240
732 759 240
759 786 246
786 813 252
813 840 252
840 867 252
867 894 252
894 921 252
921 948 252
948 975 252
975 1002 252
1002 1040 252
1040 1078 252
1078 1116 252
1116 1154 252
1154 1192 252
1192 1230 252
1230 1268 252
1268 1306 252
1306 1344 252
1344 1382 252
1382 1420 252
1420 1458 252
1458 1496 252
1496 1534 252
1534 1572 252
1572 1610 252
1610 1648 252
1648 1686 252
1686 1724 252
1724 1762 252
1762 1800 252
1800 1838 252
1838 1876 252
1876 1914 252
1914 1952 252
1952 1990 252
1990 2028 252
2028 2066 252
2066 2104 252
2104 2142 252
2142 2141 576
2141 2103 252
2103 2065 252
2065 2027 252
2027 1989 252
1989 1951 252
1951 1913 252
1913 1875 252
1875 1837 252
1837 1799 252
1799 1761 252
1761 1723 252
1723 1685 252
1685 1647 252
1647 1609 252
1609 1571 252
1571 1533 252
1533 1495 252
1495 1457 252
1457 1419 252
1419 1381 252
1381 1343 252
1343 1305 252
1305 1267 252
1267 1229 252
1229 1191 252
1191 1153 252
1153 1115 252
1115 1077 252
1077 1039 252
1039 1001 252
1001 974 252
974 947 252
947 920 252
920 893 252
893 866 252
866 839 252
839 812 252
812 785 252
785 758 252
758 731 252
731 704 252
704 677 246
677 650 240
650 623 234
623 596 228
596 569 222
569 542 222
542 515 216
515 488 210
488 461 204
461 434 198
434 407 192
407 380 186
380 353 180
353 326 174
326 299 168
299 272 168
272 245 162
245 244 378
244 271 174
271 298 180
298 325 180
325 352 186
352 379 192
379 406 198
406 433 204
433 460 210
460 487 216
487 514 222
514 541 228
541 568 234
568 595 234
595 622 240
622 649 246
649 676 252
676 703 252
703 730 252
730 757 252
757 784 252
784 811 252
811 838 252
838 865 252
865 892 252
892 919 252
919 946 252
946 973 252
973 1000 252
1000 1038 252
1038 1076 252
1076 1114 252
1114 1152 252
1152 1190 252
1190 1228 252
1228 1266 252
1266 1304 252
1304 1342 252
1342 1380 252
1380 1418 252
1418 1456 252
1456 1494 252
1494 1532 252
1532 1570 252
1570 1608 252
1608 1646 252
1646 1684 252
1684 1722 252
1722 1760 252
1760 1798 252
1798 1836 252
1836 1874 252
1874 1912 252
1912 1950 252
1950 1988 252
1988 2026 252
2026 2064 252
2064 2102 252
2102 2140 252
2140 2139 576
2139 2101 252
2101 2063 252
2063 2025 252
2025 1987 252
1987 1949 252
1949 1911 252
1911 1873 252
1873 1835 252
1835 1797 252
1797 1759 252
1759 1721 252
1721 1683 252
1683 1645 252
1645 1607 252
1607 1569 252
1569 1531 252
1531 1493 252
1493 1455 252
1455 1417 252
1417 1379 252
1379 1341 252
1341 1303 252
1303 1265 252
1265 1227 252
1227 1189 252
1189 1151 252
1151 1113 252
1113 1075 252
1075 1037 252
1037 999 252
999 972 252
972 945 252
945 918 252
918 891 252
891 864 252
864 837 252
837 810 252
810 783 252
783 756 252
756 729 252
729 702 252
702 675 252
675 648 252
648 621 252
621 594 252
594 567 246
567 540 246
540 513 240
513 486 234
486 459 228
459 432 222
432 405 216
405 378 210
378 351 204
351 324 198
324 297 192
297 270 192
270 243 186
243 242 432
242 269 198
269 296 204
296 323 204
323 350 210
350 377 216
377 404 222
404 431 228
431 458 234
458 485 240
485 512 246
512 539 252
539 566 252
566 593 252
593 620 252
620 647 252
647 674 252
674 701 252
701 728 252
728 755 252
755 782 252
782 809 252
809 836 252
836 863 252
863 890 252
890 917 252
917 944 252
944 971 252
971 998 252
998 1036 252
1036 1074 252
1074 1112 252
1112 1150 252
1150 1188 252
1188 1226 252
1226 1264 252
1264 1302 252
1302 1340 252
1340 1378 252
1378 1416 252
1416 1454 252
1454 1492 252
1492 1530 252
1530 1568 252
1568 1606 252
1606 1644 252
1644 1682 252
1682 1720 252
1720 1758 252
1758 1796 252
1796 1834 252
1834 1872 252
1872 1910 252
1910 1948 252
1948 1986 252
1986 2024 252
2024 2062 252
2062 2100 252
2100 2138 252
2138 2137 576
2137 2099 252
2099 2061 252
2061 2023 252
2023 1985 252
1985 1947 252
1947 1909 252
1909 1871 252
1871 1833 252
1833 1795 252
1795 1757 252
1757 1719 252
1719 1681 252
1681 1643 252
1643 1605 252
1605 1567 252
1567 1529 252
1529 1491 252
1491 1453 252
1453 1415 252
1415 1377 252
1377 1339 252
1339 1301 252
1301 1263 252
1263 1225 252
1225 1187 252
1187 1149 252
1149 1111 252
1111 1073 252
1073 1035 252
1035 997 252
997 970 252
970 943 252
943 916 252
916 889 252
889 862 252
862 835 252
835 808 252
808 781 252
781 754 252
754 727 252
727 700 252
700 673 252
673 646 252
646 619 252
619 592 252
592 565 252
565 538 252
538 511 252
511 484 252
484 457 252
457 430 246
430 403 240
403 376 234
376 349 228
349 322 222
322 295 216
295 268 216
268 241 210
241 240 486
240 267 222
267 294 228
294 321 228
321 348 234
348 375 240
375 402 246
402 429 252
429 456 252
456 483 252
483 510 252
510 537 252
537 564 252
564 591 252
591 618 252
618 645 252
645 672 252
672 699 252
699 726 252
726 753 252
753 780 252
780 807 252
807 834 252
834 861 252
861 888 252
888 915 252
915 942 252
942 969 252
969 996 252
996 1034 252
1034 1072 252
1072 1110 252
1110 1148 252
1148 1186 252
1186 1224 252
1224 1262 252
1262 1300 252
1300 1338 252
1338 1376 252
1376 1414 252
1414 1452 252
1452 1490 252
1490 1528 252
1528 1566 252
1566 1604 252
1604 1642 252
1642 1680 252
1680 1718 252
1718 1756 252
1756 1794 252
1794 1832 252
1832 1870 252
1870 1908 252
1908 1946 252
1946 1984 252
1984 2022 252
2022 2060 252
2060 2098 252
2098 2136 252
2136 2135 576
2135 2097 252
2097 2059 252
2059 2021 252
2021 1983 252
1983 1945 252
1945 1907 252
1907 1869 252
1869 1831 252
1831 1793 252
1793 1755 252
1755 1717 252
1717 1679 252
1679 1641 252
1641 1603 252
1603 1565 252
1565 1527 252
1527 1489 252
1489 1451 252
1451 1413 252
1413 1375 252
1375 1337 252
1337 1299 252
1299 1261 252
1261 1223 252
1223 1185 252
1185 1147 252
1147 1109 252
1109 1071 252
1071 1033 252
1033 995 252
995 968 252
968 941 252
941 914 252
914 887 252
887 860 252
860 833 252
833 806 252
806 779 252
779 752 252
752 725 252
725 698 252
698 671 252
671 644 252
644 617 252
617 590 252
590 563 252
563 536 252
536 509 252
509 482 252
482 455 252
455 428 252
428 401 252
401 374 252
374 347 252
347 320 246
320 293 240
293 266 240
266 239 234
239 238 534
238 265 246
265 292 252
292 319 252
319 346 252
346 373 252
373 400 252
400 427 252
427 454 252
454 481 252
481 508 252
508 535 252
535 562 252
562 589 252
589 616 252
616 643 252
643 670 252
670 697 252
697 724 252
724 751 252
751 778 252
778 805 252
805 832 252
832 859 252
859 886 252
886 913 252
913 940 252
940 967 252
967 994 252
994 1032 252
1032 1070 252
1070 1108 252
1108 1146 252
1146 1184 252
1184 1222 252
1222 1260 252
1260 1298 252
1298 1336 252
1336 1374 252
1374 1412 252
1412 1450 252
1450 1488 252
1488 1526 252
1526 1564 252
1564 1602 252
1602 1640 252
1640 1678 252
1678 1716 252
1716 1754 252
1754 1792 252
1792 1830 252
1830 1868 252
1868 1906 252
1906 1944 252
1944 1982 252
1982 2020 252
2020 2058 252
2058 2096 252
2096 2134 252
2134 2133 576
2133 2095 252
2095 2057 252
2057 2019 252
2019 1981 252
1981 1943 252
1943 1905 252
1905 1867 252
1867 1829 252
1829 1791 252
1791 1753 252
1753 1715 252
1715 1677 252
1677 1639 252
1639 1601 252
1601 1563 252
1563 1525 252
1525 1487 252
1487 1449 252
1449 1411 252
1411 1373 252
1373 1335 252
1335 1297 252
1297 1259 252
1259 1221 252
1221 1183 252
1183 1145 252
1145 1107 252
1107 1069 252
1069 1031 252
1031 993 252
993 966 252
966 939 252
939 912 252
912 885 252
885 858 252
858 831 252
831 804 252
804 777 252
777 750 252
750 723 252
723 696 252
696 669 252
669 642 252
642 615 252
615 588 252
588 561 252
561 534 252
534 507 252
507 480 252
480 453 252
453 426 252
426 399 252
399 372 252
372 345 252
345 318 252
318 291 252
291 264 252
264 237 252
237 220 384
220 203 240
203 186 234
186 169 228
169 152 222
152 135 216
135 118 210
118 101 204
101 84 204
84 67 198
67 50 192
50 33 186
33 16 180
16 15 366
15 32 198
32 49 204
49 66 210
66 83 216
83 100 222
100 117 222
117 134 228
134 151 234
151 168 240
168 185 246
185 202 252
202 219 252
219 236 252
236 263 252
263 290 252
290 317 252
317 344 252
344 371 252
371 398 252
398 425 252
425 452 252
452 479 252
479 506 252
506 533 252
533 560 252
560 587 252
587 614 252
614 641 252
641 668 252
668 695 252
695 722 252
722 749 252
749 776 252
776 803 252
803 830 252
830 857 252
857 884 252
884 911 252
911 938 252
938 965 252
965 992 252
992 1030 252
1030 1068 252
1068 1106 252
1106 1144 252
1144 1182 252
1182 1220 252
1220 1258 252
1258 1296 252
1296 1334 252
1334 1372 252
1372 1410 252
1410 1448 252
1448 1486 252
1486 1524 252
1524 1562 252
1562 1600 252
1600 1638 252
1638 1676 252
1676 1714 252
1714 1752 252
1752 1790 252
1790 1828 252
1828 1866 252
1866 1904 252
1904 1942 252
1942 1980 252
1980 2018 252
2018 2056 252
2056 2094 252
2094 2132 252
2132 2131 576
2131 2093 252
2093 2055 252
2055 2017 252
2017 1979 252
1979 1941 252
1941 1903 252
1903 1865 252
1865 1827 252
1827 1789 252
1789 1751 252
1751 1713 252
1713 1675 252
1675 1637 252
1637 1599 252
1599 1561 252
1561 1523 252
1523 1485 252
1485 1447 252
1447 1409 252
1409 1371 252
1371 1333 252
1333 1295 252
1295 1257 252
1257 1219 252
1219 1181 252
1181 1143 252
1143 1105 252
1105 1067 252
1067 1029 252
1029 991 252
991 964 252
964 937 252
937 910 252
910 883 252
883 856 252
856 829 252
829 802 252
802 775 252
775 748 252
748 721 252
721 694 252
694 667 252
667 640 252
640 613 252
613 586 252
586 559 252
559 532 252
532 505 252
505 478 252
478 451 252
451 424 252
424 397 252
397 370 252
370 343 252
343 316 252
316 289 252
289 262 252
262 235 252
235 218 252
218 201 252
201 184 252
184 167 252
167 150 252
150 133 246
133 116 240
116 99 234
99 82 234
82 65 216
65 48 210
48 31 204
31 14 198
14 13 426
13 30 198
30 47 204
47 64 210
64 81 216
81 98 234
98 115 246
115 132 252
132 149 252
149 166 252
166 183 252
183 200 252
200 217 252
217 234 252
234 261 252
261 288 252
288 315 252
315 342 252
342 369 252
369 396 252
396 423 252
423 450 252
450 477 252
477 504 252
504 531 252
531 558 252
558 585 252
585 612 252
612 639 252
639 666 252
666 693 252
693 720 252
720 747 252
747 774 252
774 801 252
801 828 252
828 855 252
855 882 252
882 909 252
909 936 252
936 963 252
963 990 252
990 1028 252
1028 1066 252
1066 1104 252
1104 1142 252
1142 1180 252
1180 1218 252
1218 1256 252
1256 1294 252
1294 1332 252
1332 1370 252
1370 1408 252
1408 1446 252
1446 1484 252
1484 1522 252
1522 1560 252
1560 1598 252
1598 1636 252
1636 1674 252
1674 1712 252
1712 1750 252
1750 1788 252
1788 1826 252
1826 1864 252
1864 1902 252
1902 1940 252
1940 1978 252
1978 2016 252
2016 2054 252
2054 2092 252
2092 2130 252
2130 2129 576
2129 2091 252
2091 2053 252
2053 2015 252
2015 1977 252
1977 1939 252
1939 1901 252
1901 1863 252
1863 1825 252
1825 1787 252
1787 1749 252
1749 1711 252
1711 1673 252
1673 1635 252
1635 1597 252
1597 1559 252
1559 1521 252
1521 1483 252
1483 1445 252
1445 1407 252
1407 1369 252
1369 1331 252
1331 1293 252
1293 1255 252
1255 1217 252
1217 1179 252
1179 1141 252
1141 1103 252
1103 1065 252
1065 1027 252
1027 989 252
989 962 252
962 935 252
935 908 252
908 881 252
881 854 252
854 827 252
827 800 252
800 773 252
773 746 252
746 719 252
719 692 252
692 665 252
665 638 252
638 611 252
611 584 252
584 557 252
557 530 252
530 503 252
503 476 252
476 449 252
449 422 252
422 395 252
395 368 252
368 341 252
341 314 252
314 287 252
287 260 252
260 233 252
233 216 252
216 199 252
199 182 252
182 165 252
165 148 252
148 131 252
131 114 252
114 97 246
97 80 228
80 63 216
63 46 210
46 29 204
29 12 198
12 11 474
11 28 198
28 45 204
45 62 204
62 79 204
79 96 216
96 113 234
113 130 252
130 147 252
147 164 252
164 181 252
181 198 252
198 215 252
215 232 252
232 259 252
259 286 252
286 313 252
313 340 252
340 367 252
367 394 252
394 421 252
421 448 252
448 475 252
475 502 252
502 529 252
529 556 252
556 583 252
583 610 252
610 637 252
637 664 252
664 691 252
691 718 252
718 745 252
745 772 252
772 799 252
799 826 252
826 853 252
853 880 252
880 907 252
907 934 252
934 961 252
961 988 252
988 1026 252
1026 1064 252
1064 1102 252
1102 1140 252
1140 1178 252
1178 1216 252
1216 1254 252
1254 1292 252
1292 1330 252
1330 1368 252
1368 1406 252
1406 1444 252
1444 1482 252
1482 1520 252
1520 1558 252
1558 1596 252
1596 1634 252
1634 1672 252
1672 1710 252
1710 1748 252
1748 1786 252
1786 1824 252
1824 1862 252
1862 1900 252
1900 1938 252
1938 1976 252
1976 2014 252
2014 2052 252
2052 2090 252
2090 2128 252
2128 2127 576
2127 2089 252
2089 2051 252
2051 2013 252
2013 1975 252
1975 1937 252
1937 1899 252
1899 1861 252
1861 1823 252
1823 1785 252
1785 1747 252
1747 1709 252
1709 1671 252
1671 1633 252
1633 1595 252
1595 1557 252
1557 1519 252
1519 1481 252
1481 1443 252
1443 1405 252
1405 1367 252
1367 1329 252
1329 1291 252
1291 1253 252
1253 1215 252
1215 1177 252
1177 1139 252
1139 1101 252
1101 1063 252
1063 1025 252
1025 987 252
987 960 252
960 933 252
933 906 252
906 879 252
879 852 252
852 825 252
825 798 252
798 771 252
771 744 252
744 717 252
717 690 252
690 663 252
663 636 252
636 609 252
609 582 252
582 555 252
555 528 252
528 501 252
501 474 252
474 447 252
447 420 252
420 393 252
393 366 252
366 339 252
339 312 252
312 285 252
285 258 252
258 231 252
231 214 252
214 197 252
197 180 252
180 163 252
163 146 252
146 129 252
129 112 252
112 95 222
95 78 204
78 61 192
61 44 192
44 27 192
27 10 192
10 9 516
9 26 180
26 43 180
43 60 180
60 77 180
77 94 192
94 111 222
111 128 252
128 145 252
145 162 252
162 179 252
179 196 252
196 213 252
213 230 252
230 257 252
257 284 252
284 311 252
311 338 252
338 365 252
365 392 252
392 419 252
419 446 252
446 473 252
473 500 252
500 527 252
527 554 252
554 581 252
581 608 252
608 635 252
635 662 252
662 689 252
689 716 252
716 743 252
743 770 252
770 797 252
797 824 252
824 851 252
851 878 252
878 905 252
905 932 252
932 959 252
959 986 252
986 1024 252
1024 1062 252
1062 1100 252
1100 1138 252
1138 1176 252
1176 1214 252
1214 1252 252
1252 1290 252
1290 1328 252
1328 1366 252
1366 1404 252
1404 1442 252
1442 1480 252
1480 1518 252
1518 1556 252
1556 1594 252
1594 1632 252
1632 1670 252
1670 1708 252
1708 1746 252
1746 1784 252
1784 1822 252
1822 1860 252
1860 1898 252
1898 1936 252
1936 1974 252
1974 2012 252
2012 2050 252
2050 2088 252
2088 2126 252
2126 2125 576
2125 2087 252
2087 2049 252
2049 2011 252
2011 1973 252
1973 1935 252
1935 1897 252
1897 1859 252
1859 1821 252
1821 1783 252
1783 1745 252
1745 1707 252
1707 1669 252
1669 1631 252
1631 1593 252
1593 1555 252
1555 1517 252
1517 1479 252
1479 1441 252
1441 1403 252
1403 1365 252
1365 1327 252
1327 1289 252
1289 1251 252
1251 1213 252
1213 1175 252
1175 1137 252
1137 1099 252
1099 1061 252
1061 1023 252
1023 985 252
985 958 252
958 931 252
931 904 252
904 877 252
877 850 252
850 823 252
823 796 252
796 769 252
769 742 252
742 715 252
715 688 252
688 661 252
661 634 252
634 607 252
607 580 252
580 553 252
553 526 252
526 499 252
499 472 252
472 445 252
445 418 252
418 391 252
391 364 252
364 337 252
337 310 252
310 283 252
283 256 252
256 229 252
229 212 252
212 195 252
195 178 252
178 161 252
161 144 252
144 127 252
127 110 252
110 93 222
93 76 192
76 59 168
59 42 168
42 25 168
25 8 168
8 7 522
7 24 156
24 41 156
41 58 156
58 75 156
75 92 186
92 109 222
109 126 252
126 143 252
143 160 252
160 177 252
177 194 252
194 211 252
211 228 252
228 255 252
255 282 252
282 309 252
309 336 252
336 363 252
363 390 252
390 417 252
417 444 252
444 471 252
471 498 252
498 525 252
525 552 252
552 579 252
579 606 252
606 633 252
633 660 252
660 687 252
687 714 252
714 741 252
741 768 252
768 795 252
795 822 252
822 849 252
849 876 252
876 903 252
903 930 252
930 957 252
957 984 252
984 1022 252
1022 1060 252
1060 1098 252
1098 1136 252
1136 1174 252
1174 1212 252
1212 1250 252
1250 1288 252
1288 1326 252
1326 1364 252
1364 1402 252
1402 1440 252
1440 1478 252
1478 1516 252
1516 1554 252
1554 1592 252
1592 1630 252
1630 1668 252
1668 1706 252
1706 1744 252
1744 1782 252
1782 1820 252
1820 1858 252
1858 1896 252
1896 1934 252
1934 1972 252
1972 2010 252
2010 2048 252
2048 2086 252
2086 2124 252
2124 2123 576
2123 2085 252
2085 2047 252
2047 2009 252
2009 1971 252
1971 1933 252
1933 1895 252
1895 1857 252
1857 1819 252
1819 1781 252
1781 1743 252
1743 1705 252
1705 1667 252
1667 1629 252
1629 1591 252
1591 1553 252
1553 1515 252
1515 1477 252
1477 1439 252
1439 1401 252
1401 1363 252
1363 1325 252
1325 1287 252
1287 1249 252
1249 1211 252
1211 1173 252
1173 1135 252
1135 1097 252
1097 1059 252
1059 1021 252
1021 983 252
983 956 252
956 929 252
929 902 252
902 875 252
875 848 252
848 821 252
821 794 252
794 767 252
767 740 252
740 713 252
713 686 252
686 659 252
659 632 252
632 605 252
605 578 252
578 551 252
551 524 252
524 497 252
497 470 252
470 443 252
443 416 252
416 389 252
389 362 252
362 335 252
335 308 252
308 281 252
281 254 252
254 227 252
227 210 252
210 193 252
193 176 252
176 159 252
159 142 252
142 125 252
125 108 252
108 91 216
91 74 174
74 57 144
57 40 144
40 23 144
23 6 144
6 5 492
5 22 132
22 39 132
39 56 132
56 73 132
73 90 162
90 107 204
107 124 240
124 141 252
141 158 252
158 175 252
175 192 252
192 209 252
209 226 252
226 253 252
253 280 252
280 307 252
307 334 252
334 361 252
361 388 252
388 415 252
415 442 252
442 469 252
469 496 252
496 523 252
523 550 252
550 577 252
577 604 252
604 631 252
631 658 252
658 685 252
685 712 252
712 739 252
739 766 252
766 793 252
793 820 252
820 847 252
847 874 252
874 901 252
901 928 252
928 955 252
955 982 252
982 1020 252
1020 1058 252
1058 1096 252
1096 1134 252
1134 1172 252
1172 1210 252
1210 1248 252
1248 1286 252
1286 1324 252
1324 1362 252
1362 1400 252
1400 1438 252
1438 1476 252
1476 1514 252
1514 1552 252
1552 1590 252
1590 1628 252
1628 1666 252
1666 1704 252
1704 1742 252
1742 1780 252
1780 1818 252
1818 1856 252
1856 1894 252
1894 1932 252
1932 1970 252
1970 2008 252
2008 2046 252
2046 2084 252
2084 2122 252
2122 2121 288
2121 2083 228
2083 2045 228
2045 2007 228
2007 1969 228
1969 1931 228
1931 1893 228
1893 1855 228
1855 1817 228
1817 1779 228
1779 1741 228
1741 1703 228
1703 1665 228
1665 1627 228
1627 1589 228
1589 1551 228
1551 1513 228
1513 1475 228
1475 1437 228
1437 1399 228
1399 1361 228
1361 1323 228
1323 1285 228
1285 1247 228
1247 1209 228
1209 1171 228
1171 1133 228
1133 1095 228
1095 1057 228
1057 1019 228
1019 981 228
981 954 228
954 927 228
927 900 228
900 873 228
873 846 228
846 819 228
819 792 228
792 765 228
765 738 228
738 711 228
711 684 228
684 657 228
657 630 228
630 603 228
603 576 228
576 549 228
549 522 228
522 495 228
495 468 228
468 441 228
441 414 228
414 387 228
387 360 228
360 333 228
333 306 228
306 279 228
279 252 228
252 225 228
225 208 228
208 191 228
191 174 228
174 157 228
157 140 228
140 123 228
123 106 216
106 89 180
89 72 138
72 55 114
55 38 114
38 21 114
21 4 114
4 3 234
3 20 102
20 37 102
37 54 102
54 71 102
71 88 120
88 105 156
105 122 192
122 139 204
139 156 204
156 173 204
173 190 204
190 207 204
207 224 204
224 251 204
251 278 204
278 305 204
305 332 204
332 359 204
359 386 204
386 413 204
413 440 204
440 467 204
467 494 204
494 521 204
521 548 204
548 575 204
575 602 204
602 629 204
629 656 204
656 683 204
683 710 204
710 737 204
737 764 204
764 791 204
791 818 204
818 845 204
845 872 204
872 899 204
899 926 204
926 953 204
953 980 204
980 1018 204
1018 1056 204
1056 1094 204
1094 1132 204
1132 1170 204
1170 1208 204
1208 1246 204
1246 1284 204
1284 1322 204
1322 1360 204
1360 1398 204
1398 1436 204
1436 1474 204
1474 1512 204
1512 1550 204
1550 1588 204
1588 1626 204
1626 1664 204
1664 1702 204
1702 1740 204
1740 1778 204
1778 1816 204
1816 1854 204
1854 1892 204
1892 1930 204
1930 1968 204
1968 2006 204
2006 2044 204
2044 2082 204
2082 2120 204
2120 2119 288
2119 2081 180
2081 2043 180
2043 2005 180
2005 1967 180
1967 1929 180
1929 1891 180
1891 1853 180
1853 1815 180
1815 1777 180
1777 1739 180
1739 1701 180
1701 1663 180
1663 1625 180
1625 1587 180
1587 1549 180
1549 1511 180
1511 1473 180
1473 1435 180
1435 1397 180
1397 1359 180
1359 1321 180
1321 1283 180
1283 1245 180
1245 1207 180
1207 1169 180
1169 1131 180
1131 1093 180
1093 1055 180
1055 1017 180
1017 979 180
979 952 180
952 925 180
925 898 180
898 871 180
871 844 180
844 817 180
817 790 180
790 763 180
763 736 180
736 709 180
709 682 180
682 655 180
655 628 180
628 601 180
601 574 180
574 547 180
547 520 180
520 493 180
493 466 180
466 439 180
439 412 180
412 385 180
385 358 180
358 331 180
331 304 180
304 277 180
277 250 180
250 223 180
223 206 180
206 189 180
189 172 180
172 155 180
155 138 180
138 121 180
121 104 168
104 87 132
87 70 108
70 53 90
53 36 90
36 19 90
19 2 90
2 1 216
1 18 78
18 35 78
35 52 78
52 69 78
69 86 96
86 103 120
103 120 144
120 137 156
137 154 156
154 171 156
171 188 156
188 205 156
205 222 156
222 249 156
249 276 156
276 303 156
303 330 156
330 357 156
357 384 156
384 411 156
411 438 156
438 465 156
465 492 156
492 519 156
519 546 156
546 573 156
573 600 156
600 627 156
627 654 156
654 681 156
681 708 156
708 735 156
735 762 156
762 789 156
789 816 156
816 843 156
843 870 156
870 897 156
897 924 156
924 951 156
951 978 156
978 1016 156
1016 1054 156
1054 1092 156
1092 1130 156
1130 1168 156
1168 1206 156
1206 1244 156
1244 1282 156
1282 1320 156
1320 1358 156
1358 1396 156
1396 1434 156
1434 1472 156
1472 1510 156
1510 1548 156
1548 1586 156
1586 1624 156
1624 1662 156
1662 1700 156
1700 1738 156
1738 1776 156
1776 1814 156
1814 1852 156
1852 1890 156
1890 1928 156
1928 1966 156
1966 2004 156
2004 2042 156
2042 2080 156
2080 2118 156
2118 2117 288
2117 2079 132
2079 2041 132
2041 2003 132
2003 1965 132
1965 1927 132
1927 1889 132
1889 1851 132
1851 1813 132
1813 1775 132
1775 1737 132
1737 1699 132
1699 1661 132
1661 1623 132
1623 1585 132
1585 1547 132
1547 1509 132
1509 1471 132
1471 1433 132
1433 1395 132
1395 1357 132
1357 1319 132
1319 1281 132
1281 1243 132
1243 1205 132
1205 1167 132
1167 1129 132
1129 1091 132
1091 1053 132
1053 1015 132
1015 977 132
977 950 132
950 923 132
923 896 132
896 869 132
869 842 132
842 815 132
815 788 132
788 761 132
761 734 132
734 707 132
707 680 132
680 653 132
653 626 132
626 599 132
599 572 132
572 545 132
545 518 132
518 491 132
491 464 132
464 437 132
437 410 132
410 383 132
383 356 132
356 329 132
329 302 132
302 275 132
275 248 132
248 221 132
221 204 132
204 187 132
187 170 132
170 153 132
153 136 132
136 119 132
119 102 120
102 85 108
85 68 84
68 51 66
51 34 66
34 17 66
17 0 66
